ra
pb
pb
rr
rr
rr
rr
rr
rb
pb
rr
rr
rb
pb
rr
rb
pb
pb
rr
pb
pb
rr
ra
ra
pb
rb
pb
pb
rb
pb
rb
pb
pb
ra
ra
ra
pb
pb
rr
ra
ra
ra
ra
pb
pb
ra
pb
rr
ra
ra
ra
ra
pb
rr
ra
ra
ra
ra
pb
pb
pb
rb
pb
rr
pb
pb
pb
ra
ra
ra
pb
pb
pb
rb
pb
rb
pb
ra
pb
pb
rb
pb
pb
ra
pb
rb
pb
ra
pb
rr
ra
pb
pb
pb
rb
pb
ra
ra
pb
rb
pb
rr
ra
ra
pb
ra
pb
rr
pb
rb
pb
ra
pb
rb
ra
pb
ra
pb
ra
pb
rr
pb
pb
pb
pb
rb
rb
rb
rb
pb
ra
ra
ra
ra
ra
ra
ra
pb
pb
ra
ra
pb
pb
ra
pb
rb
pb
ra
ra
ra
ra
pb
rb
pb
pb
rr
pb
pb
rb
rb
pb
pb
pb
rb
pb
ra
pb
rr
ra
ra
pb
rrr
rrr
rrr
rrr
rrr
rrr
rrr
rrr
rrr
rrr
rrr
rrr
ra
pb
rb
pb
pb
rr
pb
ra
ra
pb
rr
pb
rb
pb
ra
pb
rr
pb
pb
rr
ra
pb
pb
ra
ra
ra
pb
rrr
rrr
rrr
rrr
rrr
rrr
pb
ra
pb
rr
ra
ra
ra
ra
pb
rb
pb
pb
pb
rrr
rrr
pb
rr
pb
rr
ra
pb
rrb
rrb
BEGINNING SORTINGBeggining of B
pa
pa
pa
Beggining of B
Beggining of B
Beggining of B
rb
sb
pa
rrb
pa
pa
Beggining of B
sb
pa
sb
pa
pa
Beggining of B
Beggining of B


PiVOT Sorting B, piv : 3, low_piv : 0, nb_elem_categ: 			7, count : 7, nv count : 7
85185	([2][-19][0][3])	73265	([3][0][5][7])
86472	([2][-19][0][3])	82638	([3][0][1][7])
88160	([2][-19][0][3])	81898	([3][0][2][7])
90307	([2][-20][0][0])	72571	([3][0][6][7])
90516	([2][-20][0][0])	74638	([3][0][4][7])
91381	([2][0][0][0])	76507	([3][0][3][7])
93691	([1][-20][0][0])	84689	([3][0][0][7])
94890	([1][-20][0][0])	66232	([3][1][3][6])
95591	([1][-20][0][0])	65129	([3][1][4][6])
96114	([0][0][2][0])	64541	([3][1][5][6])
96618	([0][0][1][0])	67835	([3][1][2][6])
98380	([0][0][0][0])	60447	([3][1][6][6])
				72083	([3][1][1][6])
				28480	([4][0][10][0])
				23639	([4][0][11][0])
				41454	([4][0][7][0])
				58382	([4][0][2][0])
				36082	([4][0][9][0])
				50145	([4][0][5][0])
				58376	([4][0][3][0])
				50644	([4][0][4][0])
				36529	([4][0][8][0])
				59978	([4][0][0][0])
				23290	([4][0][12][0])
				59297	([4][0][1][0])
				45934	([4][0][6][0])
				10702	([4][1][4][0])
				20217	([4][1][1][0])
				7165	([4][1][8][0])
				9865	([4][1][6][0])
				14795	([4][1][2][0])
				9223	([4][1][7][0])
				2207	([4][1][11][0])
				6443	([4][1][9][0])
				10677	([4][1][5][0])
				5890	([4][1][10][0])
				-82	([4][1][12][0])
				11028	([4][1][3][-1582241720])
				-11263	([5][0][3][0])
				-54346	([5][0][23][0])
				-17957	([5][0][8][0])
				-28060	([5][0][13][0])
				-43962	([5][0][15][0])
				-3610	([5][0][0][0])
				-21350	([5][0][10][0])
				-45090	([5][0][17][0])
				-13203	([5][0][5][0])
				-11950	([5][0][4][0])
				-18303	([5][0][9][0])
				-53360	([5][0][20][0])
				-32892	([5][0][14][0])
				-44587	([5][0][16][0])
				-55798	([5][0][24][0])
				-14472	([5][0][6][0])
				-26230	([5][0][12][0])
				-14599	([5][0][7][0])
				-49380	([5][0][18][0])
				-54306	([5][0][22][0])
				-24406	([5][0][11][0])
				-8902	([5][0][1][0])
				-10270	([5][0][2][0])
				-53985	([5][0][21][0])
				-50718	([5][0][19][0])
				-56240	([5][1][1][0])
				-63389	([5][1][4][1781358157])
				-71434	([5][1][10][0])
				-83413	([5][1][18][0])
				-83581	([5][1][19][0])
				-58140	([5][1][2][0])
				-72343	([5][1][11][0])
				-98292	([5][1][24][0])
				-66690	([5][1][5][0])
				-63049	([5][1][3][0])
				-69356	([5][1][7][0])
				-79984	([5][1][16][0])
				-99857	([5][1][25][0])
				-87515	([5][1][20][0])
				-70787	([5][1][9][0])
				-72472	([5][1][12][0])
				-90134	([5][1][22][0])
				-73312	([5][1][13][0])
				-92549	([5][1][23][0])
				-67564	([5][1][6][0])
				-69904	([5][1][8][0])
				-89966	([5][1][21][0])
				-79954	([5][1][15][0])
				-82780	([5][1][17][0])
				-73473	([5][1][14][0])
-----------------	------------------
	a			b	


PiVOT Sorting B POST COUNTING, piv : 3, low_piv : 0, nb_elem_categ: 			3, count : 7, nv count : 1
85185	([2][-19][0][3])	73265	([3][0][1][1])
86472	([2][-19][0][3])	82638	([3][-2][1][2])
88160	([2][-19][0][3])	81898	([3][-1][0][2])
90307	([2][-20][0][0])	72571	([3][0][2][3])
90516	([2][-20][0][0])	74638	([3][0][0][3])
91381	([2][0][0][0])	76507	([3][-1][1][2])
93691	([1][-20][0][0])	84689	([3][-2][0][2])
94890	([1][-20][0][0])	66232	([3][1][3][6])
95591	([1][-20][0][0])	65129	([3][1][4][6])
96114	([0][0][2][0])	64541	([3][1][5][6])
96618	([0][0][1][0])	67835	([3][1][2][6])
98380	([0][0][0][0])	60447	([3][1][6][6])
				72083	([3][1][1][6])
				28480	([4][0][10][0])
				23639	([4][0][11][0])
				41454	([4][0][7][0])
				58382	([4][0][2][0])
				36082	([4][0][9][0])
				50145	([4][0][5][0])
				58376	([4][0][3][0])
				50644	([4][0][4][0])
				36529	([4][0][8][0])
				59978	([4][0][0][0])
				23290	([4][0][12][0])
				59297	([4][0][1][0])
				45934	([4][0][6][0])
				10702	([4][1][4][0])
				20217	([4][1][1][0])
				7165	([4][1][8][0])
				9865	([4][1][6][0])
				14795	([4][1][2][0])
				9223	([4][1][7][0])
				2207	([4][1][11][0])
				6443	([4][1][9][0])
				10677	([4][1][5][0])
				5890	([4][1][10][0])
				-82	([4][1][12][0])
				11028	([4][1][3][-1582241720])
				-11263	([5][0][3][0])
				-54346	([5][0][23][0])
				-17957	([5][0][8][0])
				-28060	([5][0][13][0])
				-43962	([5][0][15][0])
				-3610	([5][0][0][0])
				-21350	([5][0][10][0])
				-45090	([5][0][17][0])
				-13203	([5][0][5][0])
				-11950	([5][0][4][0])
				-18303	([5][0][9][0])
				-53360	([5][0][20][0])
				-32892	([5][0][14][0])
				-44587	([5][0][16][0])
				-55798	([5][0][24][0])
				-14472	([5][0][6][0])
				-26230	([5][0][12][0])
				-14599	([5][0][7][0])
				-49380	([5][0][18][0])
				-54306	([5][0][22][0])
				-24406	([5][0][11][0])
				-8902	([5][0][1][0])
				-10270	([5][0][2][0])
				-53985	([5][0][21][0])
				-50718	([5][0][19][0])
				-56240	([5][1][1][0])
				-63389	([5][1][4][1781358157])
				-71434	([5][1][10][0])
				-83413	([5][1][18][0])
				-83581	([5][1][19][0])
				-58140	([5][1][2][0])
				-72343	([5][1][11][0])
				-98292	([5][1][24][0])
				-66690	([5][1][5][0])
				-63049	([5][1][3][0])
				-69356	([5][1][7][0])
				-79984	([5][1][16][0])
				-99857	([5][1][25][0])
				-87515	([5][1][20][0])
				-70787	([5][1][9][0])
				-72472	([5][1][12][0])
				-90134	([5][1][22][0])
				-73312	([5][1][13][0])
				-92549	([5][1][23][0])
				-67564	([5][1][6][0])
				-69904	([5][1][8][0])
				-89966	([5][1][21][0])
				-79954	([5][1][15][0])
				-82780	([5][1][17][0])
				-73473	([5][1][14][0])
-----------------	------------------
	a			b	
rb
pa
pa
rr
rb
pa
ra
pa
sa


Pre init sorting A, piv : 3, low_piv : -2, nb_elem_categ: 			6, count : 2, nv count : 2

PULLBACK
rrr
rrr
sss


Pre init sorting A, piv : 3, low_piv : -1, nb_elem_categ: 			3, count : 0, nv count : 0
Beggining of B
Beggining of B
pa
rrb
pa


PiVOT Sorting B, piv : 3, low_piv : 0, nb_elem_categ: 			1, count : 1, nv count : 1
73265	([3][-20][0][1])	72571	([3][0][1][1])
74638	([3][-20][0][2])	66232	([3][1][3][6])
76507	([-7][-21][0][2])	65129	([3][1][4][6])
81898	([-7][-21][0][2])	64541	([3][1][5][6])
82638	([-7][-22][0][2])	67835	([3][1][2][6])
84689	([-7][-22][0][2])	60447	([3][1][6][6])
85185	([2][-19][0][3])	72083	([3][1][1][6])
86472	([2][-19][0][3])	28480	([4][0][10][0])
88160	([2][-19][0][3])	23639	([4][0][11][0])
90307	([2][-20][0][0])	41454	([4][0][7][0])
90516	([2][-20][0][0])	58382	([4][0][2][0])
91381	([2][0][0][0])	36082	([4][0][9][0])
93691	([1][-20][0][0])	50145	([4][0][5][0])
94890	([1][-20][0][0])	58376	([4][0][3][0])
95591	([1][-20][0][0])	50644	([4][0][4][0])
96114	([0][0][2][0])	36529	([4][0][8][0])
96618	([0][0][1][0])	59978	([4][0][0][0])
98380	([0][0][0][0])	23290	([4][0][12][0])
				59297	([4][0][1][0])
				45934	([4][0][6][0])
				10702	([4][1][4][0])
				20217	([4][1][1][0])
				7165	([4][1][8][0])
				9865	([4][1][6][0])
				14795	([4][1][2][0])
				9223	([4][1][7][0])
				2207	([4][1][11][0])
				6443	([4][1][9][0])
				10677	([4][1][5][0])
				5890	([4][1][10][0])
				-82	([4][1][12][0])
				11028	([4][1][3][-1582241720])
				-11263	([5][0][3][0])
				-54346	([5][0][23][0])
				-17957	([5][0][8][0])
				-28060	([5][0][13][0])
				-43962	([5][0][15][0])
				-3610	([5][0][0][0])
				-21350	([5][0][10][0])
				-45090	([5][0][17][0])
				-13203	([5][0][5][0])
				-11950	([5][0][4][0])
				-18303	([5][0][9][0])
				-53360	([5][0][20][0])
				-32892	([5][0][14][0])
				-44587	([5][0][16][0])
				-55798	([5][0][24][0])
				-14472	([5][0][6][0])
				-26230	([5][0][12][0])
				-14599	([5][0][7][0])
				-49380	([5][0][18][0])
				-54306	([5][0][22][0])
				-24406	([5][0][11][0])
				-8902	([5][0][1][0])
				-10270	([5][0][2][0])
				-53985	([5][0][21][0])
				-50718	([5][0][19][0])
				-56240	([5][1][1][0])
				-63389	([5][1][4][1781358157])
				-71434	([5][1][10][0])
				-83413	([5][1][18][0])
				-83581	([5][1][19][0])
				-58140	([5][1][2][0])
				-72343	([5][1][11][0])
				-98292	([5][1][24][0])
				-66690	([5][1][5][0])
				-63049	([5][1][3][0])
				-69356	([5][1][7][0])
				-79984	([5][1][16][0])
				-99857	([5][1][25][0])
				-87515	([5][1][20][0])
				-70787	([5][1][9][0])
				-72472	([5][1][12][0])
				-90134	([5][1][22][0])
				-73312	([5][1][13][0])
				-92549	([5][1][23][0])
				-67564	([5][1][6][0])
				-69904	([5][1][8][0])
				-89966	([5][1][21][0])
				-79954	([5][1][15][0])
				-82780	([5][1][17][0])
				-73473	([5][1][14][0])
-----------------	------------------
	a			b	


PiVOT Sorting B POST COUNTING, piv : 3, low_piv : 0, nb_elem_categ: 			1, count : 1, nv count : 1
73265	([3][-20][0][1])	72571	([3][0][1][1])
74638	([3][-20][0][2])	66232	([3][1][3][6])
76507	([-7][-21][0][2])	65129	([3][1][4][6])
81898	([-7][-21][0][2])	64541	([3][1][5][6])
82638	([-7][-22][0][2])	67835	([3][1][2][6])
84689	([-7][-22][0][2])	60447	([3][1][6][6])
85185	([2][-19][0][3])	72083	([3][1][1][6])
86472	([2][-19][0][3])	28480	([4][0][10][0])
88160	([2][-19][0][3])	23639	([4][0][11][0])
90307	([2][-20][0][0])	41454	([4][0][7][0])
90516	([2][-20][0][0])	58382	([4][0][2][0])
91381	([2][0][0][0])	36082	([4][0][9][0])
93691	([1][-20][0][0])	50145	([4][0][5][0])
94890	([1][-20][0][0])	58376	([4][0][3][0])
95591	([1][-20][0][0])	50644	([4][0][4][0])
96114	([0][0][2][0])	36529	([4][0][8][0])
96618	([0][0][1][0])	59978	([4][0][0][0])
98380	([0][0][0][0])	23290	([4][0][12][0])
				59297	([4][0][1][0])
				45934	([4][0][6][0])
				10702	([4][1][4][0])
				20217	([4][1][1][0])
				7165	([4][1][8][0])
				9865	([4][1][6][0])
				14795	([4][1][2][0])
				9223	([4][1][7][0])
				2207	([4][1][11][0])
				6443	([4][1][9][0])
				10677	([4][1][5][0])
				5890	([4][1][10][0])
				-82	([4][1][12][0])
				11028	([4][1][3][-1582241720])
				-11263	([5][0][3][0])
				-54346	([5][0][23][0])
				-17957	([5][0][8][0])
				-28060	([5][0][13][0])
				-43962	([5][0][15][0])
				-3610	([5][0][0][0])
				-21350	([5][0][10][0])
				-45090	([5][0][17][0])
				-13203	([5][0][5][0])
				-11950	([5][0][4][0])
				-18303	([5][0][9][0])
				-53360	([5][0][20][0])
				-32892	([5][0][14][0])
				-44587	([5][0][16][0])
				-55798	([5][0][24][0])
				-14472	([5][0][6][0])
				-26230	([5][0][12][0])
				-14599	([5][0][7][0])
				-49380	([5][0][18][0])
				-54306	([5][0][22][0])
				-24406	([5][0][11][0])
				-8902	([5][0][1][0])
				-10270	([5][0][2][0])
				-53985	([5][0][21][0])
				-50718	([5][0][19][0])
				-56240	([5][1][1][0])
				-63389	([5][1][4][1781358157])
				-71434	([5][1][10][0])
				-83413	([5][1][18][0])
				-83581	([5][1][19][0])
				-58140	([5][1][2][0])
				-72343	([5][1][11][0])
				-98292	([5][1][24][0])
				-66690	([5][1][5][0])
				-63049	([5][1][3][0])
				-69356	([5][1][7][0])
				-79984	([5][1][16][0])
				-99857	([5][1][25][0])
				-87515	([5][1][20][0])
				-70787	([5][1][9][0])
				-72472	([5][1][12][0])
				-90134	([5][1][22][0])
				-73312	([5][1][13][0])
				-92549	([5][1][23][0])
				-67564	([5][1][6][0])
				-69904	([5][1][8][0])
				-89966	([5][1][21][0])
				-79954	([5][1][15][0])
				-82780	([5][1][17][0])
				-73473	([5][1][14][0])
-----------------	------------------
	a			b	


Pre init sorting A, piv : 3, low_piv : -2, nb_elem_categ: 			1, count : 0, nv count : 0
Beggining of B
Beggining of B
Beggining of B
pa
Beggining of B


PiVOT Sorting B, piv : 3, low_piv : 1, nb_elem_categ: 			6, count : 6, nv count : 6
72571	([3][-20][0][1])	66232	([3][1][2][6])
73265	([3][-20][0][1])	65129	([3][1][3][6])
74638	([3][-20][0][2])	64541	([3][1][4][6])
76507	([-7][-21][0][2])	67835	([3][1][1][6])
81898	([-7][-21][0][2])	60447	([3][1][5][6])
82638	([-7][-22][0][2])	72083	([3][1][0][6])
84689	([-7][-22][0][2])	28480	([4][0][10][0])
85185	([2][-19][0][3])	23639	([4][0][11][0])
86472	([2][-19][0][3])	41454	([4][0][7][0])
88160	([2][-19][0][3])	58382	([4][0][2][0])
90307	([2][-20][0][0])	36082	([4][0][9][0])
90516	([2][-20][0][0])	50145	([4][0][5][0])
91381	([2][0][0][0])	58376	([4][0][3][0])
93691	([1][-20][0][0])	50644	([4][0][4][0])
94890	([1][-20][0][0])	36529	([4][0][8][0])
95591	([1][-20][0][0])	59978	([4][0][0][0])
96114	([0][0][2][0])	23290	([4][0][12][0])
96618	([0][0][1][0])	59297	([4][0][1][0])
98380	([0][0][0][0])	45934	([4][0][6][0])
				10702	([4][1][4][0])
				20217	([4][1][1][0])
				7165	([4][1][8][0])
				9865	([4][1][6][0])
				14795	([4][1][2][0])
				9223	([4][1][7][0])
				2207	([4][1][11][0])
				6443	([4][1][9][0])
				10677	([4][1][5][0])
				5890	([4][1][10][0])
				-82	([4][1][12][0])
				11028	([4][1][3][-1582241720])
				-11263	([5][0][3][0])
				-54346	([5][0][23][0])
				-17957	([5][0][8][0])
				-28060	([5][0][13][0])
				-43962	([5][0][15][0])
				-3610	([5][0][0][0])
				-21350	([5][0][10][0])
				-45090	([5][0][17][0])
				-13203	([5][0][5][0])
				-11950	([5][0][4][0])
				-18303	([5][0][9][0])
				-53360	([5][0][20][0])
				-32892	([5][0][14][0])
				-44587	([5][0][16][0])
				-55798	([5][0][24][0])
				-14472	([5][0][6][0])
				-26230	([5][0][12][0])
				-14599	([5][0][7][0])
				-49380	([5][0][18][0])
				-54306	([5][0][22][0])
				-24406	([5][0][11][0])
				-8902	([5][0][1][0])
				-10270	([5][0][2][0])
				-53985	([5][0][21][0])
				-50718	([5][0][19][0])
				-56240	([5][1][1][0])
				-63389	([5][1][4][1781358157])
				-71434	([5][1][10][0])
				-83413	([5][1][18][0])
				-83581	([5][1][19][0])
				-58140	([5][1][2][0])
				-72343	([5][1][11][0])
				-98292	([5][1][24][0])
				-66690	([5][1][5][0])
				-63049	([5][1][3][0])
				-69356	([5][1][7][0])
				-79984	([5][1][16][0])
				-99857	([5][1][25][0])
				-87515	([5][1][20][0])
				-70787	([5][1][9][0])
				-72472	([5][1][12][0])
				-90134	([5][1][22][0])
				-73312	([5][1][13][0])
				-92549	([5][1][23][0])
				-67564	([5][1][6][0])
				-69904	([5][1][8][0])
				-89966	([5][1][21][0])
				-79954	([5][1][15][0])
				-82780	([5][1][17][0])
				-73473	([5][1][14][0])
-----------------	------------------
	a			b	


PiVOT Sorting B POST COUNTING, piv : 3, low_piv : 1, nb_elem_categ: 			2, count : 6, nv count : 1
72571	([3][-20][0][1])	66232	([3][0][0][2])
73265	([3][-20][0][1])	65129	([3][0][1][2])
74638	([3][-20][0][2])	64541	([3][1][0][1])
76507	([-7][-21][0][2])	67835	([3][-1][1][2])
81898	([-7][-21][0][2])	60447	([3][1][1][2])
82638	([-7][-22][0][2])	72083	([3][-1][0][2])
84689	([-7][-22][0][2])	28480	([4][0][10][0])
85185	([2][-19][0][3])	23639	([4][0][11][0])
86472	([2][-19][0][3])	41454	([4][0][7][0])
88160	([2][-19][0][3])	58382	([4][0][2][0])
90307	([2][-20][0][0])	36082	([4][0][9][0])
90516	([2][-20][0][0])	50145	([4][0][5][0])
91381	([2][0][0][0])	58376	([4][0][3][0])
93691	([1][-20][0][0])	50644	([4][0][4][0])
94890	([1][-20][0][0])	36529	([4][0][8][0])
95591	([1][-20][0][0])	59978	([4][0][0][0])
96114	([0][0][2][0])	23290	([4][0][12][0])
96618	([0][0][1][0])	59297	([4][0][1][0])
98380	([0][0][0][0])	45934	([4][0][6][0])
				10702	([4][1][4][0])
				20217	([4][1][1][0])
				7165	([4][1][8][0])
				9865	([4][1][6][0])
				14795	([4][1][2][0])
				9223	([4][1][7][0])
				2207	([4][1][11][0])
				6443	([4][1][9][0])
				10677	([4][1][5][0])
				5890	([4][1][10][0])
				-82	([4][1][12][0])
				11028	([4][1][3][-1582241720])
				-11263	([5][0][3][0])
				-54346	([5][0][23][0])
				-17957	([5][0][8][0])
				-28060	([5][0][13][0])
				-43962	([5][0][15][0])
				-3610	([5][0][0][0])
				-21350	([5][0][10][0])
				-45090	([5][0][17][0])
				-13203	([5][0][5][0])
				-11950	([5][0][4][0])
				-18303	([5][0][9][0])
				-53360	([5][0][20][0])
				-32892	([5][0][14][0])
				-44587	([5][0][16][0])
				-55798	([5][0][24][0])
				-14472	([5][0][6][0])
				-26230	([5][0][12][0])
				-14599	([5][0][7][0])
				-49380	([5][0][18][0])
				-54306	([5][0][22][0])
				-24406	([5][0][11][0])
				-8902	([5][0][1][0])
				-10270	([5][0][2][0])
				-53985	([5][0][21][0])
				-50718	([5][0][19][0])
				-56240	([5][1][1][0])
				-63389	([5][1][4][1781358157])
				-71434	([5][1][10][0])
				-83413	([5][1][18][0])
				-83581	([5][1][19][0])
				-58140	([5][1][2][0])
				-72343	([5][1][11][0])
				-98292	([5][1][24][0])
				-66690	([5][1][5][0])
				-63049	([5][1][3][0])
				-69356	([5][1][7][0])
				-79984	([5][1][16][0])
				-99857	([5][1][25][0])
				-87515	([5][1][20][0])
				-70787	([5][1][9][0])
				-72472	([5][1][12][0])
				-90134	([5][1][22][0])
				-73312	([5][1][13][0])
				-92549	([5][1][23][0])
				-67564	([5][1][6][0])
				-69904	([5][1][8][0])
				-89966	([5][1][21][0])
				-79954	([5][1][15][0])
				-82780	([5][1][17][0])
				-73473	([5][1][14][0])
-----------------	------------------
	a			b	
pa
pa
rr
ra
pa
rb
pa
sa


Pre init sorting A, piv : 3, low_piv : -1, nb_elem_categ: 			0, count : 2, nv count : 2

PULLBACK
rrr
rrr


Pre init sorting A, piv : 3, low_piv : 0, nb_elem_categ: 			1, count : 0, nv count : 0
Beggining of B
Beggining of B
pa
pa
Beggining of B
Beggining of B


PiVOT Sorting B, piv : 4, low_piv : 0, nb_elem_categ: 			13, count : 13, nv count : 13
60447	([3][-19][0][2])	28480	([4][0][10][13])
64541	([3][-19][0][2])	23639	([4][0][11][13])
65129	([-7][-20][0][2])	41454	([4][0][7][13])
66232	([-7][-20][0][2])	58382	([4][0][2][13])
67835	([-7][-21][0][2])	36082	([4][0][9][13])
72083	([-7][-21][0][2])	50145	([4][0][5][13])
72571	([3][-20][0][1])	58376	([4][0][3][13])
73265	([3][-20][0][1])	50644	([4][0][4][13])
74638	([3][-20][0][2])	36529	([4][0][8][13])
76507	([-7][-21][0][2])	59978	([4][0][0][13])
81898	([-7][-21][0][2])	23290	([4][0][12][13])
82638	([-7][-22][0][2])	59297	([4][0][1][13])
84689	([-7][-22][0][2])	45934	([4][0][6][13])
85185	([2][-19][0][3])	10702	([4][1][4][12])
86472	([2][-19][0][3])	20217	([4][1][1][12])
88160	([2][-19][0][3])	7165	([4][1][8][12])
90307	([2][-20][0][0])	9865	([4][1][6][12])
90516	([2][-20][0][0])	14795	([4][1][2][12])
91381	([2][0][0][0])	9223	([4][1][7][12])
93691	([1][-20][0][0])	2207	([4][1][11][12])
94890	([1][-20][0][0])	6443	([4][1][9][12])
95591	([1][-20][0][0])	10677	([4][1][5][12])
96114	([0][0][2][0])	5890	([4][1][10][12])
96618	([0][0][1][0])	-82	([4][1][12][12])
98380	([0][0][0][0])	11028	([4][1][3][12])
				-11263	([5][0][3][0])
				-54346	([5][0][23][0])
				-17957	([5][0][8][0])
				-28060	([5][0][13][0])
				-43962	([5][0][15][0])
				-3610	([5][0][0][0])
				-21350	([5][0][10][0])
				-45090	([5][0][17][0])
				-13203	([5][0][5][0])
				-11950	([5][0][4][0])
				-18303	([5][0][9][0])
				-53360	([5][0][20][0])
				-32892	([5][0][14][0])
				-44587	([5][0][16][0])
				-55798	([5][0][24][0])
				-14472	([5][0][6][0])
				-26230	([5][0][12][0])
				-14599	([5][0][7][0])
				-49380	([5][0][18][0])
				-54306	([5][0][22][0])
				-24406	([5][0][11][0])
				-8902	([5][0][1][0])
				-10270	([5][0][2][0])
				-53985	([5][0][21][0])
				-50718	([5][0][19][0])
				-56240	([5][1][1][0])
				-63389	([5][1][4][1781358157])
				-71434	([5][1][10][0])
				-83413	([5][1][18][0])
				-83581	([5][1][19][0])
				-58140	([5][1][2][0])
				-72343	([5][1][11][0])
				-98292	([5][1][24][0])
				-66690	([5][1][5][0])
				-63049	([5][1][3][0])
				-69356	([5][1][7][0])
				-79984	([5][1][16][0])
				-99857	([5][1][25][0])
				-87515	([5][1][20][0])
				-70787	([5][1][9][0])
				-72472	([5][1][12][0])
				-90134	([5][1][22][0])
				-73312	([5][1][13][0])
				-92549	([5][1][23][0])
				-67564	([5][1][6][0])
				-69904	([5][1][8][0])
				-89966	([5][1][21][0])
				-79954	([5][1][15][0])
				-82780	([5][1][17][0])
				-73473	([5][1][14][0])
-----------------	------------------
	a			b	


PiVOT Sorting B POST COUNTING, piv : 4, low_piv : 0, nb_elem_categ: 			5, count : 13, nv count : 2
60447	([3][-19][0][2])	28480	([4][0][2][2])
64541	([3][-19][0][2])	23639	([4][0][3][2])
65129	([-7][-20][0][2])	41454	([4][-1][3][1])
66232	([-7][-20][0][2])	58382	([4][-2][2][4])
67835	([-7][-21][0][2])	36082	([4][0][1][5])
72083	([-7][-21][0][2])	50145	([4][-1][1][4])
72571	([3][-20][0][1])	58376	([4][-2][3][4])
73265	([3][-20][0][1])	50644	([4][-1][0][4])
74638	([3][-20][0][2])	36529	([4][0][0][5])
76507	([-7][-21][0][2])	59978	([4][-2][0][4])
81898	([-7][-21][0][2])	23290	([4][0][4][5])
82638	([-7][-22][0][2])	59297	([4][-2][1][4])
84689	([-7][-22][0][2])	45934	([4][-1][2][4])
85185	([2][-19][0][3])	10702	([4][1][4][12])
86472	([2][-19][0][3])	20217	([4][1][1][12])
88160	([2][-19][0][3])	7165	([4][1][8][12])
90307	([2][-20][0][0])	9865	([4][1][6][12])
90516	([2][-20][0][0])	14795	([4][1][2][12])
91381	([2][0][0][0])	9223	([4][1][7][12])
93691	([1][-20][0][0])	2207	([4][1][11][12])
94890	([1][-20][0][0])	6443	([4][1][9][12])
95591	([1][-20][0][0])	10677	([4][1][5][12])
96114	([0][0][2][0])	5890	([4][1][10][12])
96618	([0][0][1][0])	-82	([4][1][12][12])
98380	([0][0][0][0])	11028	([4][1][3][12])
				-11263	([5][0][3][0])
				-54346	([5][0][23][0])
				-17957	([5][0][8][0])
				-28060	([5][0][13][0])
				-43962	([5][0][15][0])
				-3610	([5][0][0][0])
				-21350	([5][0][10][0])
				-45090	([5][0][17][0])
				-13203	([5][0][5][0])
				-11950	([5][0][4][0])
				-18303	([5][0][9][0])
				-53360	([5][0][20][0])
				-32892	([5][0][14][0])
				-44587	([5][0][16][0])
				-55798	([5][0][24][0])
				-14472	([5][0][6][0])
				-26230	([5][0][12][0])
				-14599	([5][0][7][0])
				-49380	([5][0][18][0])
				-54306	([5][0][22][0])
				-24406	([5][0][11][0])
				-8902	([5][0][1][0])
				-10270	([5][0][2][0])
				-53985	([5][0][21][0])
				-50718	([5][0][19][0])
				-56240	([5][1][1][0])
				-63389	([5][1][4][1781358157])
				-71434	([5][1][10][0])
				-83413	([5][1][18][0])
				-83581	([5][1][19][0])
				-58140	([5][1][2][0])
				-72343	([5][1][11][0])
				-98292	([5][1][24][0])
				-66690	([5][1][5][0])
				-63049	([5][1][3][0])
				-69356	([5][1][7][0])
				-79984	([5][1][16][0])
				-99857	([5][1][25][0])
				-87515	([5][1][20][0])
				-70787	([5][1][9][0])
				-72472	([5][1][12][0])
				-90134	([5][1][22][0])
				-73312	([5][1][13][0])
				-92549	([5][1][23][0])
				-67564	([5][1][6][0])
				-69904	([5][1][8][0])
				-89966	([5][1][21][0])
				-79954	([5][1][15][0])
				-82780	([5][1][17][0])
				-73473	([5][1][14][0])
-----------------	------------------
	a			b	
rb
rb
pa
ra
pa
rb
pa
ra
pa
pa
rr
pa
sss
pa
sss
pa
rr


Pre init sorting A, piv : 4, low_piv : -2, nb_elem_categ: 			12, count : 4, nv count : 4
58376	([4][-2][3][4])	10702	([4][1][4][12])
59297	([4][-2][1][4])	20217	([4][1][1][12])
59978	([4][-2][0][4])	7165	([4][1][8][12])
58382	([4][-2][2][4])	9865	([4][1][6][12])
60447	([3][-19][0][2])	14795	([4][1][2][12])
64541	([3][-19][0][2])	9223	([4][1][7][12])
65129	([-7][-20][0][2])	2207	([4][1][11][12])
66232	([-7][-20][0][2])	6443	([4][1][9][12])
67835	([-7][-21][0][2])	10677	([4][1][5][12])
72083	([-7][-21][0][2])	5890	([4][1][10][12])
72571	([3][-20][0][1])	-82	([4][1][12][12])
73265	([3][-20][0][1])	11028	([4][1][3][12])
74638	([3][-20][0][2])	-11263	([5][0][3][0])
76507	([-7][-21][0][2])	-54346	([5][0][23][0])
81898	([-7][-21][0][2])	-17957	([5][0][8][0])
82638	([-7][-22][0][2])	-28060	([5][0][13][0])
84689	([-7][-22][0][2])	-43962	([5][0][15][0])
85185	([2][-19][0][3])	-3610	([5][0][0][0])
86472	([2][-19][0][3])	-21350	([5][0][10][0])
88160	([2][-19][0][3])	-45090	([5][0][17][0])
90307	([2][-20][0][0])	-13203	([5][0][5][0])
90516	([2][-20][0][0])	-11950	([5][0][4][0])
91381	([2][0][0][0])	-18303	([5][0][9][0])
93691	([1][-20][0][0])	-53360	([5][0][20][0])
94890	([1][-20][0][0])	-32892	([5][0][14][0])
95591	([1][-20][0][0])	-44587	([5][0][16][0])
96114	([0][0][2][0])	-55798	([5][0][24][0])
96618	([0][0][1][0])	-14472	([5][0][6][0])
98380	([0][0][0][0])	-26230	([5][0][12][0])
41454	([4][-1][3][1])	-14599	([5][0][7][0])
50145	([4][-1][1][4])	-49380	([5][0][18][0])
50644	([4][-1][0][4])	-54306	([5][0][22][0])
45934	([4][-1][2][4])	-24406	([5][0][11][0])
				-8902	([5][0][1][0])
				-10270	([5][0][2][0])
				-53985	([5][0][21][0])
				-50718	([5][0][19][0])
				-56240	([5][1][1][0])
				-63389	([5][1][4][1781358157])
				-71434	([5][1][10][0])
				-83413	([5][1][18][0])
				-83581	([5][1][19][0])
				-58140	([5][1][2][0])
				-72343	([5][1][11][0])
				-98292	([5][1][24][0])
				-66690	([5][1][5][0])
				-63049	([5][1][3][0])
				-69356	([5][1][7][0])
				-79984	([5][1][16][0])
				-99857	([5][1][25][0])
				-87515	([5][1][20][0])
				-70787	([5][1][9][0])
				-72472	([5][1][12][0])
				-90134	([5][1][22][0])
				-73312	([5][1][13][0])
				-92549	([5][1][23][0])
				-67564	([5][1][6][0])
				-69904	([5][1][8][0])
				-89966	([5][1][21][0])
				-79954	([5][1][15][0])
				-82780	([5][1][17][0])
				-73473	([5][1][14][0])
				28480	([4][0][2][2])
				23639	([4][0][3][2])
				36082	([4][0][1][5])
				36529	([4][0][0][5])
				23290	([4][0][4][5])
-----------------	------------------
	a			b	


Post splitting A, piv : 4, low_piv : -2, nb_elem_categ: 			4, count : 1, nv count : -2
58376	([4][-2][1][2])	10702	([4][1][4][12])
59297	([4][-3][0][1])	20217	([4][1][1][12])
59978	([4][-4][0][1])	7165	([4][1][8][12])
58382	([4][-2][0][2])	9865	([4][1][6][12])
60447	([3][-19][0][2])	14795	([4][1][2][12])
64541	([3][-19][0][2])	9223	([4][1][7][12])
65129	([-7][-20][0][2])	2207	([4][1][11][12])
66232	([-7][-20][0][2])	6443	([4][1][9][12])
67835	([-7][-21][0][2])	10677	([4][1][5][12])
72083	([-7][-21][0][2])	5890	([4][1][10][12])
72571	([3][-20][0][1])	-82	([4][1][12][12])
73265	([3][-20][0][1])	11028	([4][1][3][12])
74638	([3][-20][0][2])	-11263	([5][0][3][0])
76507	([-7][-21][0][2])	-54346	([5][0][23][0])
81898	([-7][-21][0][2])	-17957	([5][0][8][0])
82638	([-7][-22][0][2])	-28060	([5][0][13][0])
84689	([-7][-22][0][2])	-43962	([5][0][15][0])
85185	([2][-19][0][3])	-3610	([5][0][0][0])
86472	([2][-19][0][3])	-21350	([5][0][10][0])
88160	([2][-19][0][3])	-45090	([5][0][17][0])
90307	([2][-20][0][0])	-13203	([5][0][5][0])
90516	([2][-20][0][0])	-11950	([5][0][4][0])
91381	([2][0][0][0])	-18303	([5][0][9][0])
93691	([1][-20][0][0])	-53360	([5][0][20][0])
94890	([1][-20][0][0])	-32892	([5][0][14][0])
95591	([1][-20][0][0])	-44587	([5][0][16][0])
96114	([0][0][2][0])	-55798	([5][0][24][0])
96618	([0][0][1][0])	-14472	([5][0][6][0])
98380	([0][0][0][0])	-26230	([5][0][12][0])
41454	([4][-1][3][1])	-14599	([5][0][7][0])
50145	([4][-1][1][4])	-49380	([5][0][18][0])
50644	([4][-1][0][4])	-54306	([5][0][22][0])
45934	([4][-1][2][4])	-24406	([5][0][11][0])
				-8902	([5][0][1][0])
				-10270	([5][0][2][0])
				-53985	([5][0][21][0])
				-50718	([5][0][19][0])
				-56240	([5][1][1][0])
				-63389	([5][1][4][1781358157])
				-71434	([5][1][10][0])
				-83413	([5][1][18][0])
				-83581	([5][1][19][0])
				-58140	([5][1][2][0])
				-72343	([5][1][11][0])
				-98292	([5][1][24][0])
				-66690	([5][1][5][0])
				-63049	([5][1][3][0])
				-69356	([5][1][7][0])
				-79984	([5][1][16][0])
				-99857	([5][1][25][0])
				-87515	([5][1][20][0])
				-70787	([5][1][9][0])
				-72472	([5][1][12][0])
				-90134	([5][1][22][0])
				-73312	([5][1][13][0])
				-92549	([5][1][23][0])
				-67564	([5][1][6][0])
				-69904	([5][1][8][0])
				-89966	([5][1][21][0])
				-79954	([5][1][15][0])
				-82780	([5][1][17][0])
				-73473	([5][1][14][0])
				28480	([4][0][2][2])
				23639	([4][0][3][2])
				36082	([4][0][1][5])
				36529	([4][0][0][5])
				23290	([4][0][4][5])
-----------------	------------------
	a			b	
pb
rr
pb
pb
rb
Beggining of B
pa


Pre init sorting A, piv : 4, low_piv : -4, nb_elem_categ: 			12, count : 0, nv count : 0

PULLBACK
rrr


Pre init sorting A, piv : 4, low_piv : -3, nb_elem_categ: 			2, count : 0, nv count : 0
Beggining of B
Beggining of B
pa
rrb


PiVOT Sorting B, piv : 4, low_piv : -2, nb_elem_categ: 			1, count : 1, nv count : 1
58382	([4][-22][0][1])	58376	([4][-2][1][1])
59297	([-6][-23][0][1])	10702	([4][1][4][12])
59978	([4][-24][0][1])	20217	([4][1][1][12])
60447	([3][-19][0][2])	7165	([4][1][8][12])
64541	([3][-19][0][2])	9865	([4][1][6][12])
65129	([-7][-20][0][2])	14795	([4][1][2][12])
66232	([-7][-20][0][2])	9223	([4][1][7][12])
67835	([-7][-21][0][2])	2207	([4][1][11][12])
72083	([-7][-21][0][2])	6443	([4][1][9][12])
72571	([3][-20][0][1])	10677	([4][1][5][12])
73265	([3][-20][0][1])	5890	([4][1][10][12])
74638	([3][-20][0][2])	-82	([4][1][12][12])
76507	([-7][-21][0][2])	11028	([4][1][3][12])
81898	([-7][-21][0][2])	-11263	([5][0][3][0])
82638	([-7][-22][0][2])	-54346	([5][0][23][0])
84689	([-7][-22][0][2])	-17957	([5][0][8][0])
85185	([2][-19][0][3])	-28060	([5][0][13][0])
86472	([2][-19][0][3])	-43962	([5][0][15][0])
88160	([2][-19][0][3])	-3610	([5][0][0][0])
90307	([2][-20][0][0])	-21350	([5][0][10][0])
90516	([2][-20][0][0])	-45090	([5][0][17][0])
91381	([2][0][0][0])	-13203	([5][0][5][0])
93691	([1][-20][0][0])	-11950	([5][0][4][0])
94890	([1][-20][0][0])	-18303	([5][0][9][0])
95591	([1][-20][0][0])	-53360	([5][0][20][0])
96114	([0][0][2][0])	-32892	([5][0][14][0])
96618	([0][0][1][0])	-44587	([5][0][16][0])
98380	([0][0][0][0])	-55798	([5][0][24][0])
41454	([4][-1][3][1])	-14472	([5][0][6][0])
50145	([4][-1][1][4])	-26230	([5][0][12][0])
50644	([4][-1][0][4])	-14599	([5][0][7][0])
45934	([4][-1][2][4])	-49380	([5][0][18][0])
				-54306	([5][0][22][0])
				-24406	([5][0][11][0])
				-8902	([5][0][1][0])
				-10270	([5][0][2][0])
				-53985	([5][0][21][0])
				-50718	([5][0][19][0])
				-56240	([5][1][1][0])
				-63389	([5][1][4][1781358157])
				-71434	([5][1][10][0])
				-83413	([5][1][18][0])
				-83581	([5][1][19][0])
				-58140	([5][1][2][0])
				-72343	([5][1][11][0])
				-98292	([5][1][24][0])
				-66690	([5][1][5][0])
				-63049	([5][1][3][0])
				-69356	([5][1][7][0])
				-79984	([5][1][16][0])
				-99857	([5][1][25][0])
				-87515	([5][1][20][0])
				-70787	([5][1][9][0])
				-72472	([5][1][12][0])
				-90134	([5][1][22][0])
				-73312	([5][1][13][0])
				-92549	([5][1][23][0])
				-67564	([5][1][6][0])
				-69904	([5][1][8][0])
				-89966	([5][1][21][0])
				-79954	([5][1][15][0])
				-82780	([5][1][17][0])
				-73473	([5][1][14][0])
				28480	([4][0][2][2])
				23639	([4][0][3][2])
				36082	([4][0][1][5])
				36529	([4][0][0][5])
				23290	([4][0][4][5])
-----------------	------------------
	a			b	


PiVOT Sorting B POST COUNTING, piv : 4, low_piv : -2, nb_elem_categ: 			1, count : 1, nv count : 1
58382	([4][-22][0][1])	58376	([4][-2][1][1])
59297	([-6][-23][0][1])	10702	([4][1][4][12])
59978	([4][-24][0][1])	20217	([4][1][1][12])
60447	([3][-19][0][2])	7165	([4][1][8][12])
64541	([3][-19][0][2])	9865	([4][1][6][12])
65129	([-7][-20][0][2])	14795	([4][1][2][12])
66232	([-7][-20][0][2])	9223	([4][1][7][12])
67835	([-7][-21][0][2])	2207	([4][1][11][12])
72083	([-7][-21][0][2])	6443	([4][1][9][12])
72571	([3][-20][0][1])	10677	([4][1][5][12])
73265	([3][-20][0][1])	5890	([4][1][10][12])
74638	([3][-20][0][2])	-82	([4][1][12][12])
76507	([-7][-21][0][2])	11028	([4][1][3][12])
81898	([-7][-21][0][2])	-11263	([5][0][3][0])
82638	([-7][-22][0][2])	-54346	([5][0][23][0])
84689	([-7][-22][0][2])	-17957	([5][0][8][0])
85185	([2][-19][0][3])	-28060	([5][0][13][0])
86472	([2][-19][0][3])	-43962	([5][0][15][0])
88160	([2][-19][0][3])	-3610	([5][0][0][0])
90307	([2][-20][0][0])	-21350	([5][0][10][0])
90516	([2][-20][0][0])	-45090	([5][0][17][0])
91381	([2][0][0][0])	-13203	([5][0][5][0])
93691	([1][-20][0][0])	-11950	([5][0][4][0])
94890	([1][-20][0][0])	-18303	([5][0][9][0])
95591	([1][-20][0][0])	-53360	([5][0][20][0])
96114	([0][0][2][0])	-32892	([5][0][14][0])
96618	([0][0][1][0])	-44587	([5][0][16][0])
98380	([0][0][0][0])	-55798	([5][0][24][0])
41454	([4][-1][3][1])	-14472	([5][0][6][0])
50145	([4][-1][1][4])	-26230	([5][0][12][0])
50644	([4][-1][0][4])	-14599	([5][0][7][0])
45934	([4][-1][2][4])	-49380	([5][0][18][0])
				-54306	([5][0][22][0])
				-24406	([5][0][11][0])
				-8902	([5][0][1][0])
				-10270	([5][0][2][0])
				-53985	([5][0][21][0])
				-50718	([5][0][19][0])
				-56240	([5][1][1][0])
				-63389	([5][1][4][1781358157])
				-71434	([5][1][10][0])
				-83413	([5][1][18][0])
				-83581	([5][1][19][0])
				-58140	([5][1][2][0])
				-72343	([5][1][11][0])
				-98292	([5][1][24][0])
				-66690	([5][1][5][0])
				-63049	([5][1][3][0])
				-69356	([5][1][7][0])
				-79984	([5][1][16][0])
				-99857	([5][1][25][0])
				-87515	([5][1][20][0])
				-70787	([5][1][9][0])
				-72472	([5][1][12][0])
				-90134	([5][1][22][0])
				-73312	([5][1][13][0])
				-92549	([5][1][23][0])
				-67564	([5][1][6][0])
				-69904	([5][1][8][0])
				-89966	([5][1][21][0])
				-79954	([5][1][15][0])
				-82780	([5][1][17][0])
				-73473	([5][1][14][0])
				28480	([4][0][2][2])
				23639	([4][0][3][2])
				36082	([4][0][1][5])
				36529	([4][0][0][5])
				23290	([4][0][4][5])
-----------------	------------------
	a			b	


Pre init sorting A, piv : 4, low_piv : -4, nb_elem_categ: 			1, count : 0, nv count : 0
Beggining of B
Beggining of B
Beggining of B
pa


Pre init sorting A, piv : 4, low_piv : -2, nb_elem_categ: 			12, count : 0, nv count : 0

PULLBACK
rrr
rrr
sa
rrr
sss
rrr


Pre init sorting A, piv : 4, low_piv : -1, nb_elem_categ: 			2, count : 0, nv count : 0
Beggining of B
Beggining of B
sb
pa
sb
pa
rrb
pa


PiVOT Sorting B, piv : 4, low_piv : 0, nb_elem_categ: 			2, count : 2, nv count : 2
28480	([4][-20][0][2])	23639	([4][0][1][2])
36082	([4][-20][0][4])	23290	([4][0][2][2])
36529	([4][-20][0][4])	10702	([4][1][4][12])
41454	([-6][-21][0][1])	20217	([4][1][1][12])
45934	([-6][-21][0][4])	7165	([4][1][8][12])
50145	([-6][-21][0][4])	9865	([4][1][6][12])
50644	([-6][-21][0][4])	14795	([4][1][2][12])
58376	([4][-22][0][1])	9223	([4][1][7][12])
58382	([4][-22][0][1])	2207	([4][1][11][12])
59297	([-6][-23][0][1])	6443	([4][1][9][12])
59978	([4][-24][0][1])	10677	([4][1][5][12])
60447	([3][-19][0][2])	5890	([4][1][10][12])
64541	([3][-19][0][2])	-82	([4][1][12][12])
65129	([-7][-20][0][2])	11028	([4][1][3][12])
66232	([-7][-20][0][2])	-11263	([5][0][3][0])
67835	([-7][-21][0][2])	-54346	([5][0][23][0])
72083	([-7][-21][0][2])	-17957	([5][0][8][0])
72571	([3][-20][0][1])	-28060	([5][0][13][0])
73265	([3][-20][0][1])	-43962	([5][0][15][0])
74638	([3][-20][0][2])	-3610	([5][0][0][0])
76507	([-7][-21][0][2])	-21350	([5][0][10][0])
81898	([-7][-21][0][2])	-45090	([5][0][17][0])
82638	([-7][-22][0][2])	-13203	([5][0][5][0])
84689	([-7][-22][0][2])	-11950	([5][0][4][0])
85185	([2][-19][0][3])	-18303	([5][0][9][0])
86472	([2][-19][0][3])	-53360	([5][0][20][0])
88160	([2][-19][0][3])	-32892	([5][0][14][0])
90307	([2][-20][0][0])	-44587	([5][0][16][0])
90516	([2][-20][0][0])	-55798	([5][0][24][0])
91381	([2][0][0][0])	-14472	([5][0][6][0])
93691	([1][-20][0][0])	-26230	([5][0][12][0])
94890	([1][-20][0][0])	-14599	([5][0][7][0])
95591	([1][-20][0][0])	-49380	([5][0][18][0])
96114	([0][0][2][0])	-54306	([5][0][22][0])
96618	([0][0][1][0])	-24406	([5][0][11][0])
98380	([0][0][0][0])	-8902	([5][0][1][0])
				-10270	([5][0][2][0])
				-53985	([5][0][21][0])
				-50718	([5][0][19][0])
				-56240	([5][1][1][0])
				-63389	([5][1][4][1781358157])
				-71434	([5][1][10][0])
				-83413	([5][1][18][0])
				-83581	([5][1][19][0])
				-58140	([5][1][2][0])
				-72343	([5][1][11][0])
				-98292	([5][1][24][0])
				-66690	([5][1][5][0])
				-63049	([5][1][3][0])
				-69356	([5][1][7][0])
				-79984	([5][1][16][0])
				-99857	([5][1][25][0])
				-87515	([5][1][20][0])
				-70787	([5][1][9][0])
				-72472	([5][1][12][0])
				-90134	([5][1][22][0])
				-73312	([5][1][13][0])
				-92549	([5][1][23][0])
				-67564	([5][1][6][0])
				-69904	([5][1][8][0])
				-89966	([5][1][21][0])
				-79954	([5][1][15][0])
				-82780	([5][1][17][0])
				-73473	([5][1][14][0])
-----------------	------------------
	a			b	


PiVOT Sorting B POST COUNTING, piv : 4, low_piv : 0, nb_elem_categ: 			2, count : 2, nv count : 2
28480	([4][-20][0][2])	23639	([4][0][0][2])
36082	([4][-20][0][4])	23290	([4][0][1][2])
36529	([4][-20][0][4])	10702	([4][1][4][12])
41454	([-6][-21][0][1])	20217	([4][1][1][12])
45934	([-6][-21][0][4])	7165	([4][1][8][12])
50145	([-6][-21][0][4])	9865	([4][1][6][12])
50644	([-6][-21][0][4])	14795	([4][1][2][12])
58376	([4][-22][0][1])	9223	([4][1][7][12])
58382	([4][-22][0][1])	2207	([4][1][11][12])
59297	([-6][-23][0][1])	6443	([4][1][9][12])
59978	([4][-24][0][1])	10677	([4][1][5][12])
60447	([3][-19][0][2])	5890	([4][1][10][12])
64541	([3][-19][0][2])	-82	([4][1][12][12])
65129	([-7][-20][0][2])	11028	([4][1][3][12])
66232	([-7][-20][0][2])	-11263	([5][0][3][0])
67835	([-7][-21][0][2])	-54346	([5][0][23][0])
72083	([-7][-21][0][2])	-17957	([5][0][8][0])
72571	([3][-20][0][1])	-28060	([5][0][13][0])
73265	([3][-20][0][1])	-43962	([5][0][15][0])
74638	([3][-20][0][2])	-3610	([5][0][0][0])
76507	([-7][-21][0][2])	-21350	([5][0][10][0])
81898	([-7][-21][0][2])	-45090	([5][0][17][0])
82638	([-7][-22][0][2])	-13203	([5][0][5][0])
84689	([-7][-22][0][2])	-11950	([5][0][4][0])
85185	([2][-19][0][3])	-18303	([5][0][9][0])
86472	([2][-19][0][3])	-53360	([5][0][20][0])
88160	([2][-19][0][3])	-32892	([5][0][14][0])
90307	([2][-20][0][0])	-44587	([5][0][16][0])
90516	([2][-20][0][0])	-55798	([5][0][24][0])
91381	([2][0][0][0])	-14472	([5][0][6][0])
93691	([1][-20][0][0])	-26230	([5][0][12][0])
94890	([1][-20][0][0])	-14599	([5][0][7][0])
95591	([1][-20][0][0])	-49380	([5][0][18][0])
96114	([0][0][2][0])	-54306	([5][0][22][0])
96618	([0][0][1][0])	-24406	([5][0][11][0])
98380	([0][0][0][0])	-8902	([5][0][1][0])
				-10270	([5][0][2][0])
				-53985	([5][0][21][0])
				-50718	([5][0][19][0])
				-56240	([5][1][1][0])
				-63389	([5][1][4][1781358157])
				-71434	([5][1][10][0])
				-83413	([5][1][18][0])
				-83581	([5][1][19][0])
				-58140	([5][1][2][0])
				-72343	([5][1][11][0])
				-98292	([5][1][24][0])
				-66690	([5][1][5][0])
				-63049	([5][1][3][0])
				-69356	([5][1][7][0])
				-79984	([5][1][16][0])
				-99857	([5][1][25][0])
				-87515	([5][1][20][0])
				-70787	([5][1][9][0])
				-72472	([5][1][12][0])
				-90134	([5][1][22][0])
				-73312	([5][1][13][0])
				-92549	([5][1][23][0])
				-67564	([5][1][6][0])
				-69904	([5][1][8][0])
				-89966	([5][1][21][0])
				-79954	([5][1][15][0])
				-82780	([5][1][17][0])
				-73473	([5][1][14][0])
-----------------	------------------
	a			b	


Pre init sorting A, piv : 4, low_piv : -2, nb_elem_categ: 			2, count : 0, nv count : 0
Beggining of B
Beggining of B
Beggining of B
pa
pa
Beggining of B
sb
pa


PiVOT Sorting B, piv : 4, low_piv : 1, nb_elem_categ: 			11, count : 11, nv count : 11
20217	([4][-19][0][12])	10702	([4][1][2][11])
23290	([4][-20][0][2])	7165	([4][1][6][11])
23639	([4][-20][0][2])	9865	([4][1][4][11])
28480	([4][-20][0][2])	14795	([4][1][0][11])
36082	([4][-20][0][4])	9223	([4][1][5][11])
36529	([4][-20][0][4])	2207	([4][1][9][11])
41454	([-6][-21][0][1])	6443	([4][1][7][11])
45934	([-6][-21][0][4])	10677	([4][1][3][11])
50145	([-6][-21][0][4])	5890	([4][1][8][11])
50644	([-6][-21][0][4])	-82	([4][1][10][11])
58376	([4][-22][0][1])	11028	([4][1][1][11])
58382	([4][-22][0][1])	-11263	([5][0][3][0])
59297	([-6][-23][0][1])	-54346	([5][0][23][0])
59978	([4][-24][0][1])	-17957	([5][0][8][0])
60447	([3][-19][0][2])	-28060	([5][0][13][0])
64541	([3][-19][0][2])	-43962	([5][0][15][0])
65129	([-7][-20][0][2])	-3610	([5][0][0][0])
66232	([-7][-20][0][2])	-21350	([5][0][10][0])
67835	([-7][-21][0][2])	-45090	([5][0][17][0])
72083	([-7][-21][0][2])	-13203	([5][0][5][0])
72571	([3][-20][0][1])	-11950	([5][0][4][0])
73265	([3][-20][0][1])	-18303	([5][0][9][0])
74638	([3][-20][0][2])	-53360	([5][0][20][0])
76507	([-7][-21][0][2])	-32892	([5][0][14][0])
81898	([-7][-21][0][2])	-44587	([5][0][16][0])
82638	([-7][-22][0][2])	-55798	([5][0][24][0])
84689	([-7][-22][0][2])	-14472	([5][0][6][0])
85185	([2][-19][0][3])	-26230	([5][0][12][0])
86472	([2][-19][0][3])	-14599	([5][0][7][0])
88160	([2][-19][0][3])	-49380	([5][0][18][0])
90307	([2][-20][0][0])	-54306	([5][0][22][0])
90516	([2][-20][0][0])	-24406	([5][0][11][0])
91381	([2][0][0][0])	-8902	([5][0][1][0])
93691	([1][-20][0][0])	-10270	([5][0][2][0])
94890	([1][-20][0][0])	-53985	([5][0][21][0])
95591	([1][-20][0][0])	-50718	([5][0][19][0])
96114	([0][0][2][0])	-56240	([5][1][1][0])
96618	([0][0][1][0])	-63389	([5][1][4][1781358157])
98380	([0][0][0][0])	-71434	([5][1][10][0])
				-83413	([5][1][18][0])
				-83581	([5][1][19][0])
				-58140	([5][1][2][0])
				-72343	([5][1][11][0])
				-98292	([5][1][24][0])
				-66690	([5][1][5][0])
				-63049	([5][1][3][0])
				-69356	([5][1][7][0])
				-79984	([5][1][16][0])
				-99857	([5][1][25][0])
				-87515	([5][1][20][0])
				-70787	([5][1][9][0])
				-72472	([5][1][12][0])
				-90134	([5][1][22][0])
				-73312	([5][1][13][0])
				-92549	([5][1][23][0])
				-67564	([5][1][6][0])
				-69904	([5][1][8][0])
				-89966	([5][1][21][0])
				-79954	([5][1][15][0])
				-82780	([5][1][17][0])
				-73473	([5][1][14][0])
-----------------	------------------
	a			b	


PiVOT Sorting B POST COUNTING, piv : 4, low_piv : 1, nb_elem_categ: 			3, count : 11, nv count : 0
20217	([4][-19][0][12])	10702	([4][-1][2][3])
23290	([4][-20][0][2])	7165	([4][0][3][4])
23639	([4][-20][0][2])	9865	([4][0][1][4])
28480	([4][-20][0][2])	14795	([4][-1][0][3])
36082	([4][-20][0][4])	9223	([4][0][2][4])
36529	([4][-20][0][4])	2207	([4][1][2][4])
41454	([-6][-21][0][1])	6443	([4][1][0][4])
45934	([-6][-21][0][4])	10677	([4][0][0][4])
50145	([-6][-21][0][4])	5890	([4][1][1][4])
50644	([-6][-21][0][4])	-82	([4][1][3][4])
58376	([4][-22][0][1])	11028	([4][-1][1][3])
58382	([4][-22][0][1])	-11263	([5][0][3][0])
59297	([-6][-23][0][1])	-54346	([5][0][23][0])
59978	([4][-24][0][1])	-17957	([5][0][8][0])
60447	([3][-19][0][2])	-28060	([5][0][13][0])
64541	([3][-19][0][2])	-43962	([5][0][15][0])
65129	([-7][-20][0][2])	-3610	([5][0][0][0])
66232	([-7][-20][0][2])	-21350	([5][0][10][0])
67835	([-7][-21][0][2])	-45090	([5][0][17][0])
72083	([-7][-21][0][2])	-13203	([5][0][5][0])
72571	([3][-20][0][1])	-11950	([5][0][4][0])
73265	([3][-20][0][1])	-18303	([5][0][9][0])
74638	([3][-20][0][2])	-53360	([5][0][20][0])
76507	([-7][-21][0][2])	-32892	([5][0][14][0])
81898	([-7][-21][0][2])	-44587	([5][0][16][0])
82638	([-7][-22][0][2])	-55798	([5][0][24][0])
84689	([-7][-22][0][2])	-14472	([5][0][6][0])
85185	([2][-19][0][3])	-26230	([5][0][12][0])
86472	([2][-19][0][3])	-14599	([5][0][7][0])
88160	([2][-19][0][3])	-49380	([5][0][18][0])
90307	([2][-20][0][0])	-54306	([5][0][22][0])
90516	([2][-20][0][0])	-24406	([5][0][11][0])
91381	([2][0][0][0])	-8902	([5][0][1][0])
93691	([1][-20][0][0])	-10270	([5][0][2][0])
94890	([1][-20][0][0])	-53985	([5][0][21][0])
95591	([1][-20][0][0])	-50718	([5][0][19][0])
96114	([0][0][2][0])	-56240	([5][1][1][0])
96618	([0][0][1][0])	-63389	([5][1][4][1781358157])
98380	([0][0][0][0])	-71434	([5][1][10][0])
				-83413	([5][1][18][0])
				-83581	([5][1][19][0])
				-58140	([5][1][2][0])
				-72343	([5][1][11][0])
				-98292	([5][1][24][0])
				-66690	([5][1][5][0])
				-63049	([5][1][3][0])
				-69356	([5][1][7][0])
				-79984	([5][1][16][0])
				-99857	([5][1][25][0])
				-87515	([5][1][20][0])
				-70787	([5][1][9][0])
				-72472	([5][1][12][0])
				-90134	([5][1][22][0])
				-73312	([5][1][13][0])
				-92549	([5][1][23][0])
				-67564	([5][1][6][0])
				-69904	([5][1][8][0])
				-89966	([5][1][21][0])
				-79954	([5][1][15][0])
				-82780	([5][1][17][0])
				-73473	([5][1][14][0])
-----------------	------------------
	a			b	
pa
pa
pa
sa
ra
ra
pa
sa
pa
rr
rb
pa
rr
rb
pa
sa


Pre init sorting A, piv : 4, low_piv : -1, nb_elem_categ: 			0, count : 3, nv count : 3

PULLBACK
rrr
rrr
rrr
sa
rrr


Pre init sorting A, piv : 4, low_piv : 0, nb_elem_categ: 			4, count : 0, nv count : 0
Beggining of B
Beggining of B
sb
pa
sb
pa
pa
pa
Beggining of B
Beggining of B


PiVOT Sorting B, piv : 5, low_piv : 0, nb_elem_categ: 			25, count : 25, nv count : 25
-82	([4][-19][0][4])	-11263	([5][0][3][25])
2207	([4][-19][0][4])	-54346	([5][0][23][25])
5890	([4][-19][0][4])	-17957	([5][0][8][25])
6443	([4][-19][0][4])	-28060	([5][0][13][25])
7165	([-6][-20][0][4])	-43962	([5][0][15][25])
9223	([-6][-20][0][4])	-3610	([5][0][0][25])
9865	([-6][-20][0][4])	-21350	([5][0][10][25])
10677	([-6][-20][0][4])	-45090	([5][0][17][25])
10702	([-6][-21][0][3])	-13203	([5][0][5][25])
11028	([-6][-21][0][3])	-11950	([5][0][4][25])
14795	([-6][-21][0][3])	-18303	([5][0][9][25])
20217	([4][-19][0][12])	-53360	([5][0][20][25])
23290	([4][-20][0][2])	-32892	([5][0][14][25])
23639	([4][-20][0][2])	-44587	([5][0][16][25])
28480	([4][-20][0][2])	-55798	([5][0][24][25])
36082	([4][-20][0][4])	-14472	([5][0][6][25])
36529	([4][-20][0][4])	-26230	([5][0][12][25])
41454	([-6][-21][0][1])	-14599	([5][0][7][25])
45934	([-6][-21][0][4])	-49380	([5][0][18][25])
50145	([-6][-21][0][4])	-54306	([5][0][22][25])
50644	([-6][-21][0][4])	-24406	([5][0][11][25])
58376	([4][-22][0][1])	-8902	([5][0][1][25])
58382	([4][-22][0][1])	-10270	([5][0][2][25])
59297	([-6][-23][0][1])	-53985	([5][0][21][25])
59978	([4][-24][0][1])	-50718	([5][0][19][25])
60447	([3][-19][0][2])	-56240	([5][1][1][25])
64541	([3][-19][0][2])	-63389	([5][1][4][25])
65129	([-7][-20][0][2])	-71434	([5][1][10][25])
66232	([-7][-20][0][2])	-83413	([5][1][18][25])
67835	([-7][-21][0][2])	-83581	([5][1][19][25])
72083	([-7][-21][0][2])	-58140	([5][1][2][25])
72571	([3][-20][0][1])	-72343	([5][1][11][25])
73265	([3][-20][0][1])	-98292	([5][1][24][25])
74638	([3][-20][0][2])	-66690	([5][1][5][25])
76507	([-7][-21][0][2])	-63049	([5][1][3][25])
81898	([-7][-21][0][2])	-69356	([5][1][7][25])
82638	([-7][-22][0][2])	-79984	([5][1][16][25])
84689	([-7][-22][0][2])	-99857	([5][1][25][25])
85185	([2][-19][0][3])	-87515	([5][1][20][25])
86472	([2][-19][0][3])	-70787	([5][1][9][25])
88160	([2][-19][0][3])	-72472	([5][1][12][25])
90307	([2][-20][0][0])	-90134	([5][1][22][25])
90516	([2][-20][0][0])	-73312	([5][1][13][25])
91381	([2][0][0][0])	-92549	([5][1][23][25])
93691	([1][-20][0][0])	-67564	([5][1][6][25])
94890	([1][-20][0][0])	-69904	([5][1][8][25])
95591	([1][-20][0][0])	-89966	([5][1][21][25])
96114	([0][0][2][0])	-79954	([5][1][15][25])
96618	([0][0][1][0])	-82780	([5][1][17][25])
98380	([0][0][0][0])	-73473	([5][1][14][25])
-----------------	------------------
	a			b	


PiVOT Sorting B POST COUNTING, piv : 5, low_piv : 0, nb_elem_categ: 			8, count : 25, nv count : 0
-82	([4][-19][0][4])	-11263	([5][-2][3][8])
2207	([4][-19][0][4])	-54346	([5][0][7][9])
5890	([4][-19][0][4])	-17957	([5][-1][0][8])
6443	([4][-19][0][4])	-28060	([5][-1][5][8])
7165	([-6][-20][0][4])	-43962	([5][-1][7][8])
9223	([-6][-20][0][4])	-3610	([5][-2][0][8])
9865	([-6][-20][0][4])	-21350	([5][-1][2][8])
10677	([-6][-20][0][4])	-45090	([5][0][1][9])
10702	([-6][-21][0][3])	-13203	([5][-2][5][8])
11028	([-6][-21][0][3])	-11950	([5][-2][4][8])
14795	([-6][-21][0][3])	-18303	([5][-1][1][8])
20217	([4][-19][0][12])	-53360	([5][0][4][9])
23290	([4][-20][0][2])	-32892	([5][-1][6][8])
23639	([4][-20][0][2])	-44587	([5][0][0][9])
28480	([4][-20][0][2])	-55798	([5][0][8][9])
36082	([4][-20][0][4])	-14472	([5][-2][6][8])
36529	([4][-20][0][4])	-26230	([5][-1][4][8])
41454	([-6][-21][0][1])	-14599	([5][-2][7][8])
45934	([-6][-21][0][4])	-49380	([5][0][2][9])
50145	([-6][-21][0][4])	-54306	([5][0][6][9])
50644	([-6][-21][0][4])	-24406	([5][-1][3][8])
58376	([4][-22][0][1])	-8902	([5][-2][1][8])
58382	([4][-22][0][1])	-10270	([5][-2][2][8])
59297	([-6][-23][0][1])	-53985	([5][0][5][9])
59978	([4][-24][0][1])	-50718	([5][0][3][9])
60447	([3][-19][0][2])	-56240	([5][1][1][25])
64541	([3][-19][0][2])	-63389	([5][1][4][25])
65129	([-7][-20][0][2])	-71434	([5][1][10][25])
66232	([-7][-20][0][2])	-83413	([5][1][18][25])
67835	([-7][-21][0][2])	-83581	([5][1][19][25])
72083	([-7][-21][0][2])	-58140	([5][1][2][25])
72571	([3][-20][0][1])	-72343	([5][1][11][25])
73265	([3][-20][0][1])	-98292	([5][1][24][25])
74638	([3][-20][0][2])	-66690	([5][1][5][25])
76507	([-7][-21][0][2])	-63049	([5][1][3][25])
81898	([-7][-21][0][2])	-69356	([5][1][7][25])
82638	([-7][-22][0][2])	-79984	([5][1][16][25])
84689	([-7][-22][0][2])	-99857	([5][1][25][25])
85185	([2][-19][0][3])	-87515	([5][1][20][25])
86472	([2][-19][0][3])	-70787	([5][1][9][25])
88160	([2][-19][0][3])	-72472	([5][1][12][25])
90307	([2][-20][0][0])	-90134	([5][1][22][25])
90516	([2][-20][0][0])	-73312	([5][1][13][25])
91381	([2][0][0][0])	-92549	([5][1][23][25])
93691	([1][-20][0][0])	-67564	([5][1][6][25])
94890	([1][-20][0][0])	-69904	([5][1][8][25])
95591	([1][-20][0][0])	-89966	([5][1][21][25])
96114	([0][0][2][0])	-79954	([5][1][15][25])
96618	([0][0][1][0])	-82780	([5][1][17][25])
98380	([0][0][0][0])	-73473	([5][1][14][25])
-----------------	------------------
	a			b	
pa
rb
pa
pa
pa
ra
ra
ra
pa
pa
rr
pa
pa
pa
rr
pa
rr
rb
pa
pa
ra
pa
rb
rb
pa
ra
pa
pa


Pre init sorting A, piv : 5, low_piv : -2, nb_elem_categ: 			9, count : 8, nv count : 8
-10270	([5][-2][2][8])	-53985	([5][0][5][9])
-8902	([5][-2][1][8])	-50718	([5][0][3][9])
-14599	([5][-2][7][8])	-56240	([5][1][1][25])
-14472	([5][-2][6][8])	-63389	([5][1][4][25])
-11950	([5][-2][4][8])	-71434	([5][1][10][25])
-13203	([5][-2][5][8])	-83413	([5][1][18][25])
-3610	([5][-2][0][8])	-83581	([5][1][19][25])
-11263	([5][-2][3][8])	-58140	([5][1][2][25])
-82	([4][-19][0][4])	-72343	([5][1][11][25])
2207	([4][-19][0][4])	-98292	([5][1][24][25])
5890	([4][-19][0][4])	-66690	([5][1][5][25])
6443	([4][-19][0][4])	-63049	([5][1][3][25])
7165	([-6][-20][0][4])	-69356	([5][1][7][25])
9223	([-6][-20][0][4])	-79984	([5][1][16][25])
9865	([-6][-20][0][4])	-99857	([5][1][25][25])
10677	([-6][-20][0][4])	-87515	([5][1][20][25])
10702	([-6][-21][0][3])	-70787	([5][1][9][25])
11028	([-6][-21][0][3])	-72472	([5][1][12][25])
14795	([-6][-21][0][3])	-90134	([5][1][22][25])
20217	([4][-19][0][12])	-73312	([5][1][13][25])
23290	([4][-20][0][2])	-92549	([5][1][23][25])
23639	([4][-20][0][2])	-67564	([5][1][6][25])
28480	([4][-20][0][2])	-69904	([5][1][8][25])
36082	([4][-20][0][4])	-89966	([5][1][21][25])
36529	([4][-20][0][4])	-79954	([5][1][15][25])
41454	([-6][-21][0][1])	-82780	([5][1][17][25])
45934	([-6][-21][0][4])	-73473	([5][1][14][25])
50145	([-6][-21][0][4])	-54346	([5][0][7][9])
50644	([-6][-21][0][4])	-45090	([5][0][1][9])
58376	([4][-22][0][1])	-53360	([5][0][4][9])
58382	([4][-22][0][1])	-44587	([5][0][0][9])
59297	([-6][-23][0][1])	-55798	([5][0][8][9])
59978	([4][-24][0][1])	-49380	([5][0][2][9])
60447	([3][-19][0][2])	-54306	([5][0][6][9])
64541	([3][-19][0][2])
65129	([-7][-20][0][2])
66232	([-7][-20][0][2])
67835	([-7][-21][0][2])
72083	([-7][-21][0][2])
72571	([3][-20][0][1])
73265	([3][-20][0][1])
74638	([3][-20][0][2])
76507	([-7][-21][0][2])
81898	([-7][-21][0][2])
82638	([-7][-22][0][2])
84689	([-7][-22][0][2])
85185	([2][-19][0][3])
86472	([2][-19][0][3])
88160	([2][-19][0][3])
90307	([2][-20][0][0])
90516	([2][-20][0][0])
91381	([2][0][0][0])
93691	([1][-20][0][0])
94890	([1][-20][0][0])
95591	([1][-20][0][0])
96114	([0][0][2][0])
96618	([0][0][1][0])
98380	([0][0][0][0])
-43962	([5][-1][7][8])
-28060	([5][-1][5][8])
-17957	([5][-1][0][8])
-21350	([5][-1][2][8])
-18303	([5][-1][1][8])
-32892	([5][-1][6][8])
-26230	([5][-1][4][8])
-24406	([5][-1][3][8])
-----------------	------------------
	a			b	


Post splitting A, piv : 5, low_piv : -2, nb_elem_categ: 			8, count : 0, nv count : -2
-10270	([5][-3][0][3])	-53985	([5][0][5][9])
-8902	([5][-4][1][2])	-50718	([5][0][3][9])
-14599	([5][-2][2][3])	-56240	([5][1][1][25])
-14472	([5][-2][1][3])	-63389	([5][1][4][25])
-11950	([5][-3][2][3])	-71434	([5][1][10][25])
-13203	([5][-2][0][3])	-83413	([5][1][18][25])
-3610	([5][-4][0][2])	-83581	([5][1][19][25])
-11263	([5][-3][1][3])	-58140	([5][1][2][25])
-82	([4][-19][0][4])	-72343	([5][1][11][25])
2207	([4][-19][0][4])	-98292	([5][1][24][25])
5890	([4][-19][0][4])	-66690	([5][1][5][25])
6443	([4][-19][0][4])	-63049	([5][1][3][25])
7165	([-6][-20][0][4])	-69356	([5][1][7][25])
9223	([-6][-20][0][4])	-79984	([5][1][16][25])
9865	([-6][-20][0][4])	-99857	([5][1][25][25])
10677	([-6][-20][0][4])	-87515	([5][1][20][25])
10702	([-6][-21][0][3])	-70787	([5][1][9][25])
11028	([-6][-21][0][3])	-72472	([5][1][12][25])
14795	([-6][-21][0][3])	-90134	([5][1][22][25])
20217	([4][-19][0][12])	-73312	([5][1][13][25])
23290	([4][-20][0][2])	-92549	([5][1][23][25])
23639	([4][-20][0][2])	-67564	([5][1][6][25])
28480	([4][-20][0][2])	-69904	([5][1][8][25])
36082	([4][-20][0][4])	-89966	([5][1][21][25])
36529	([4][-20][0][4])	-79954	([5][1][15][25])
41454	([-6][-21][0][1])	-82780	([5][1][17][25])
45934	([-6][-21][0][4])	-73473	([5][1][14][25])
50145	([-6][-21][0][4])	-54346	([5][0][7][9])
50644	([-6][-21][0][4])	-45090	([5][0][1][9])
58376	([4][-22][0][1])	-53360	([5][0][4][9])
58382	([4][-22][0][1])	-44587	([5][0][0][9])
59297	([-6][-23][0][1])	-55798	([5][0][8][9])
59978	([4][-24][0][1])	-49380	([5][0][2][9])
60447	([3][-19][0][2])	-54306	([5][0][6][9])
64541	([3][-19][0][2])
65129	([-7][-20][0][2])
66232	([-7][-20][0][2])
67835	([-7][-21][0][2])
72083	([-7][-21][0][2])
72571	([3][-20][0][1])
73265	([3][-20][0][1])
74638	([3][-20][0][2])
76507	([-7][-21][0][2])
81898	([-7][-21][0][2])
82638	([-7][-22][0][2])
84689	([-7][-22][0][2])
85185	([2][-19][0][3])
86472	([2][-19][0][3])
88160	([2][-19][0][3])
90307	([2][-20][0][0])
90516	([2][-20][0][0])
91381	([2][0][0][0])
93691	([1][-20][0][0])
94890	([1][-20][0][0])
95591	([1][-20][0][0])
96114	([0][0][2][0])
96618	([0][0][1][0])
98380	([0][0][0][0])
-43962	([5][-1][7][8])
-28060	([5][-1][5][8])
-17957	([5][-1][0][8])
-21350	([5][-1][2][8])
-18303	([5][-1][1][8])
-32892	([5][-1][6][8])
-26230	([5][-1][4][8])
-24406	([5][-1][3][8])
-----------------	------------------
	a			b	
ra
pb
pb
pb
rr
pb
rb
rb
pb
ra
Beggining of B
pa
pa


Pre init sorting A, piv : 5, low_piv : -4, nb_elem_categ: 			9, count : 0, nv count : 0

PULLBACK
rrr
rrr
rrr
sss


Pre init sorting A, piv : 5, low_piv : -3, nb_elem_categ: 			3, count : 3, nv count : 3
rr
sss
rrr
Beggining of B
Beggining of B
pa
sb
pa
pa


Pre init sorting A, piv : 5, low_piv : -2, nb_elem_categ: 			9, count : 0, nv count : 0

PULLBACK
rrr
rrr
rrr
rrr
rrr
rrr
rrr
rra


Pre init sorting A, piv : 5, low_piv : -1, nb_elem_categ: 			9, count : 8, nv count : 8
-43962	([5][-1][7][8])	-54346	([5][0][7][9])
-28060	([5][-1][5][8])	-45090	([5][0][1][9])
-17957	([5][-1][0][8])	-53360	([5][0][4][9])
-21350	([5][-1][2][8])	-44587	([5][0][0][9])
-18303	([5][-1][1][8])	-55798	([5][0][8][9])
-32892	([5][-1][6][8])	-49380	([5][0][2][9])
-26230	([5][-1][4][8])	-54306	([5][0][6][9])
-24406	([5][-1][3][8])	-53985	([5][0][5][9])
-14599	([5][-22][0][3])	-50718	([5][0][3][9])
-14472	([5][-22][0][3])	-56240	([5][1][1][25])
-13203	([5][-22][0][3])	-63389	([5][1][4][25])
-11950	([-5][-23][0][3])	-71434	([5][1][10][25])
-11263	([-5][-23][0][3])	-83413	([5][1][18][25])
-10270	([-5][-23][0][3])	-83581	([5][1][19][25])
-8902	([5][-24][0][2])	-58140	([5][1][2][25])
-3610	([5][-24][0][2])	-72343	([5][1][11][25])
-82	([4][-19][0][4])	-98292	([5][1][24][25])
2207	([4][-19][0][4])	-66690	([5][1][5][25])
5890	([4][-19][0][4])	-63049	([5][1][3][25])
6443	([4][-19][0][4])	-69356	([5][1][7][25])
7165	([-6][-20][0][4])	-79984	([5][1][16][25])
9223	([-6][-20][0][4])	-99857	([5][1][25][25])
9865	([-6][-20][0][4])	-87515	([5][1][20][25])
10677	([-6][-20][0][4])	-70787	([5][1][9][25])
10702	([-6][-21][0][3])	-72472	([5][1][12][25])
11028	([-6][-21][0][3])	-90134	([5][1][22][25])
14795	([-6][-21][0][3])	-73312	([5][1][13][25])
20217	([4][-19][0][12])	-92549	([5][1][23][25])
23290	([4][-20][0][2])	-67564	([5][1][6][25])
23639	([4][-20][0][2])	-69904	([5][1][8][25])
28480	([4][-20][0][2])	-89966	([5][1][21][25])
36082	([4][-20][0][4])	-79954	([5][1][15][25])
36529	([4][-20][0][4])	-82780	([5][1][17][25])
41454	([-6][-21][0][1])	-73473	([5][1][14][25])
45934	([-6][-21][0][4])
50145	([-6][-21][0][4])
50644	([-6][-21][0][4])
58376	([4][-22][0][1])
58382	([4][-22][0][1])
59297	([-6][-23][0][1])
59978	([4][-24][0][1])
60447	([3][-19][0][2])
64541	([3][-19][0][2])
65129	([-7][-20][0][2])
66232	([-7][-20][0][2])
67835	([-7][-21][0][2])
72083	([-7][-21][0][2])
72571	([3][-20][0][1])
73265	([3][-20][0][1])
74638	([3][-20][0][2])
76507	([-7][-21][0][2])
81898	([-7][-21][0][2])
82638	([-7][-22][0][2])
84689	([-7][-22][0][2])
85185	([2][-19][0][3])
86472	([2][-19][0][3])
88160	([2][-19][0][3])
90307	([2][-20][0][0])
90516	([2][-20][0][0])
91381	([2][0][0][0])
93691	([1][-20][0][0])
94890	([1][-20][0][0])
95591	([1][-20][0][0])
96114	([0][0][2][0])
96618	([0][0][1][0])
98380	([0][0][0][0])
-----------------	------------------
	a			b	


Post splitting A, piv : 5, low_piv : -1, nb_elem_categ: 			8, count : 2, nv count : -1
-43962	([5][-1][2][3])	-54346	([5][0][7][9])
-28060	([5][-1][0][3])	-45090	([5][0][1][9])
-17957	([5][-3][0][2])	-53360	([5][0][4][9])
-21350	([5][-2][0][3])	-44587	([5][0][0][9])
-18303	([5][-3][1][2])	-55798	([5][0][8][9])
-32892	([5][-1][1][3])	-49380	([5][0][2][9])
-26230	([5][-2][2][3])	-54306	([5][0][6][9])
-24406	([5][-2][1][3])	-53985	([5][0][5][9])
-14599	([5][-22][0][3])	-50718	([5][0][3][9])
-14472	([5][-22][0][3])	-56240	([5][1][1][25])
-13203	([5][-22][0][3])	-63389	([5][1][4][25])
-11950	([-5][-23][0][3])	-71434	([5][1][10][25])
-11263	([-5][-23][0][3])	-83413	([5][1][18][25])
-10270	([-5][-23][0][3])	-83581	([5][1][19][25])
-8902	([5][-24][0][2])	-58140	([5][1][2][25])
-3610	([5][-24][0][2])	-72343	([5][1][11][25])
-82	([4][-19][0][4])	-98292	([5][1][24][25])
2207	([4][-19][0][4])	-66690	([5][1][5][25])
5890	([4][-19][0][4])	-63049	([5][1][3][25])
6443	([4][-19][0][4])	-69356	([5][1][7][25])
7165	([-6][-20][0][4])	-79984	([5][1][16][25])
9223	([-6][-20][0][4])	-99857	([5][1][25][25])
9865	([-6][-20][0][4])	-87515	([5][1][20][25])
10677	([-6][-20][0][4])	-70787	([5][1][9][25])
10702	([-6][-21][0][3])	-72472	([5][1][12][25])
11028	([-6][-21][0][3])	-90134	([5][1][22][25])
14795	([-6][-21][0][3])	-73312	([5][1][13][25])
20217	([4][-19][0][12])	-92549	([5][1][23][25])
23290	([4][-20][0][2])	-67564	([5][1][6][25])
23639	([4][-20][0][2])	-69904	([5][1][8][25])
28480	([4][-20][0][2])	-89966	([5][1][21][25])
36082	([4][-20][0][4])	-79954	([5][1][15][25])
36529	([4][-20][0][4])	-82780	([5][1][17][25])
41454	([-6][-21][0][1])	-73473	([5][1][14][25])
45934	([-6][-21][0][4])
50145	([-6][-21][0][4])
50644	([-6][-21][0][4])
58376	([4][-22][0][1])
58382	([4][-22][0][1])
59297	([-6][-23][0][1])
59978	([4][-24][0][1])
60447	([3][-19][0][2])
64541	([3][-19][0][2])
65129	([-7][-20][0][2])
66232	([-7][-20][0][2])
67835	([-7][-21][0][2])
72083	([-7][-21][0][2])
72571	([3][-20][0][1])
73265	([3][-20][0][1])
74638	([3][-20][0][2])
76507	([-7][-21][0][2])
81898	([-7][-21][0][2])
82638	([-7][-22][0][2])
84689	([-7][-22][0][2])
85185	([2][-19][0][3])
86472	([2][-19][0][3])
88160	([2][-19][0][3])
90307	([2][-20][0][0])
90516	([2][-20][0][0])
91381	([2][0][0][0])
93691	([1][-20][0][0])
94890	([1][-20][0][0])
95591	([1][-20][0][0])
96114	([0][0][2][0])
96618	([0][0][1][0])
98380	([0][0][0][0])
-----------------	------------------
	a			b	
pb
pb
rb
rb
pb
ra
pb
sb
pb
rr
ra
Beggining of B
pa
pa


Pre init sorting A, piv : 5, low_piv : -3, nb_elem_categ: 			9, count : 0, nv count : 0

PULLBACK
rrr
rrr
rrr
sa


Pre init sorting A, piv : 5, low_piv : -2, nb_elem_categ: 			3, count : 3, nv count : 3
rr
sa
rrr
Beggining of B
Beggining of B
pa
sb
pa
pa
Beggining of B


PiVOT Sorting B, piv : 5, low_piv : 0, nb_elem_categ: 			9, count : 9, nv count : 9
-43962	([5][-21][0][3])	-54346	([5][0][7][9])
-32892	([5][-21][0][3])	-45090	([5][0][1][9])
-28060	([5][-21][0][3])	-53360	([5][0][4][9])
-26230	([-5][-22][0][3])	-44587	([5][0][0][9])
-24406	([-5][-22][0][3])	-55798	([5][0][8][9])
-21350	([-5][-22][0][3])	-49380	([5][0][2][9])
-18303	([5][-23][0][2])	-54306	([5][0][6][9])
-17957	([5][-23][0][2])	-53985	([5][0][5][9])
-14599	([5][-22][0][3])	-50718	([5][0][3][9])
-14472	([5][-22][0][3])	-56240	([5][1][1][25])
-13203	([5][-22][0][3])	-63389	([5][1][4][25])
-11950	([-5][-23][0][3])	-71434	([5][1][10][25])
-11263	([-5][-23][0][3])	-83413	([5][1][18][25])
-10270	([-5][-23][0][3])	-83581	([5][1][19][25])
-8902	([5][-24][0][2])	-58140	([5][1][2][25])
-3610	([5][-24][0][2])	-72343	([5][1][11][25])
-82	([4][-19][0][4])	-98292	([5][1][24][25])
2207	([4][-19][0][4])	-66690	([5][1][5][25])
5890	([4][-19][0][4])	-63049	([5][1][3][25])
6443	([4][-19][0][4])	-69356	([5][1][7][25])
7165	([-6][-20][0][4])	-79984	([5][1][16][25])
9223	([-6][-20][0][4])	-99857	([5][1][25][25])
9865	([-6][-20][0][4])	-87515	([5][1][20][25])
10677	([-6][-20][0][4])	-70787	([5][1][9][25])
10702	([-6][-21][0][3])	-72472	([5][1][12][25])
11028	([-6][-21][0][3])	-90134	([5][1][22][25])
14795	([-6][-21][0][3])	-73312	([5][1][13][25])
20217	([4][-19][0][12])	-92549	([5][1][23][25])
23290	([4][-20][0][2])	-67564	([5][1][6][25])
23639	([4][-20][0][2])	-69904	([5][1][8][25])
28480	([4][-20][0][2])	-89966	([5][1][21][25])
36082	([4][-20][0][4])	-79954	([5][1][15][25])
36529	([4][-20][0][4])	-82780	([5][1][17][25])
41454	([-6][-21][0][1])	-73473	([5][1][14][25])
45934	([-6][-21][0][4])
50145	([-6][-21][0][4])
50644	([-6][-21][0][4])
58376	([4][-22][0][1])
58382	([4][-22][0][1])
59297	([-6][-23][0][1])
59978	([4][-24][0][1])
60447	([3][-19][0][2])
64541	([3][-19][0][2])
65129	([-7][-20][0][2])
66232	([-7][-20][0][2])
67835	([-7][-21][0][2])
72083	([-7][-21][0][2])
72571	([3][-20][0][1])
73265	([3][-20][0][1])
74638	([3][-20][0][2])
76507	([-7][-21][0][2])
81898	([-7][-21][0][2])
82638	([-7][-22][0][2])
84689	([-7][-22][0][2])
85185	([2][-19][0][3])
86472	([2][-19][0][3])
88160	([2][-19][0][3])
90307	([2][-20][0][0])
90516	([2][-20][0][0])
91381	([2][0][0][0])
93691	([1][-20][0][0])
94890	([1][-20][0][0])
95591	([1][-20][0][0])
96114	([0][0][2][0])
96618	([0][0][1][0])
98380	([0][0][0][0])
-----------------	------------------
	a			b	


PiVOT Sorting B POST COUNTING, piv : 5, low_piv : 0, nb_elem_categ: 			3, count : 9, nv count : 1
-43962	([5][-21][0][3])	-54346	([5][0][1][1])
-32892	([5][-21][0][3])	-45090	([5][-2][1][3])
-28060	([5][-21][0][3])	-53360	([5][-1][1][3])
-26230	([-5][-22][0][3])	-44587	([5][-2][0][3])
-24406	([-5][-22][0][3])	-55798	([5][0][2][3])
-21350	([-5][-22][0][3])	-49380	([5][-2][2][3])
-18303	([5][-23][0][2])	-54306	([5][0][0][3])
-17957	([5][-23][0][2])	-53985	([5][-1][2][3])
-14599	([5][-22][0][3])	-50718	([5][-1][0][3])
-14472	([5][-22][0][3])	-56240	([5][1][1][25])
-13203	([5][-22][0][3])	-63389	([5][1][4][25])
-11950	([-5][-23][0][3])	-71434	([5][1][10][25])
-11263	([-5][-23][0][3])	-83413	([5][1][18][25])
-10270	([-5][-23][0][3])	-83581	([5][1][19][25])
-8902	([5][-24][0][2])	-58140	([5][1][2][25])
-3610	([5][-24][0][2])	-72343	([5][1][11][25])
-82	([4][-19][0][4])	-98292	([5][1][24][25])
2207	([4][-19][0][4])	-66690	([5][1][5][25])
5890	([4][-19][0][4])	-63049	([5][1][3][25])
6443	([4][-19][0][4])	-69356	([5][1][7][25])
7165	([-6][-20][0][4])	-79984	([5][1][16][25])
9223	([-6][-20][0][4])	-99857	([5][1][25][25])
9865	([-6][-20][0][4])	-87515	([5][1][20][25])
10677	([-6][-20][0][4])	-70787	([5][1][9][25])
10702	([-6][-21][0][3])	-72472	([5][1][12][25])
11028	([-6][-21][0][3])	-90134	([5][1][22][25])
14795	([-6][-21][0][3])	-73312	([5][1][13][25])
20217	([4][-19][0][12])	-92549	([5][1][23][25])
23290	([4][-20][0][2])	-67564	([5][1][6][25])
23639	([4][-20][0][2])	-69904	([5][1][8][25])
28480	([4][-20][0][2])	-89966	([5][1][21][25])
36082	([4][-20][0][4])	-79954	([5][1][15][25])
36529	([4][-20][0][4])	-82780	([5][1][17][25])
41454	([-6][-21][0][1])	-73473	([5][1][14][25])
45934	([-6][-21][0][4])
50145	([-6][-21][0][4])
50644	([-6][-21][0][4])
58376	([4][-22][0][1])
58382	([4][-22][0][1])
59297	([-6][-23][0][1])
59978	([4][-24][0][1])
60447	([3][-19][0][2])
64541	([3][-19][0][2])
65129	([-7][-20][0][2])
66232	([-7][-20][0][2])
67835	([-7][-21][0][2])
72083	([-7][-21][0][2])
72571	([3][-20][0][1])
73265	([3][-20][0][1])
74638	([3][-20][0][2])
76507	([-7][-21][0][2])
81898	([-7][-21][0][2])
82638	([-7][-22][0][2])
84689	([-7][-22][0][2])
85185	([2][-19][0][3])
86472	([2][-19][0][3])
88160	([2][-19][0][3])
90307	([2][-20][0][0])
90516	([2][-20][0][0])
91381	([2][0][0][0])
93691	([1][-20][0][0])
94890	([1][-20][0][0])
95591	([1][-20][0][0])
96114	([0][0][2][0])
96618	([0][0][1][0])
98380	([0][0][0][0])
-----------------	------------------
	a			b	
rb
pa
pa
ra
pa
sss
pa
rb
rb
pa
pa
sa
ra
ra


Pre init sorting A, piv : 5, low_piv : -2, nb_elem_categ: 			25, count : 3, nv count : 3

PULLBACK
rrr
rrr
rrr
sa


Pre init sorting A, piv : 5, low_piv : -1, nb_elem_categ: 			1, count : 0, nv count : 0
Beggining of B
Beggining of B
rb
sb
pa
rrb
pa
pa
Beggining of B
pa


PiVOT Sorting B, piv : 5, low_piv : 1, nb_elem_categ: 			24, count : 24, nv count : 24
-56240	([5][-19][0][25])	-63389	([5][1][2][24])
-55798	([5][-20][0][3])	-71434	([5][1][8][24])
-54346	([5][-20][0][3])	-83413	([5][1][16][24])
-54306	([5][0][0][3])	-83581	([5][1][17][24])
-53985	([-5][-21][0][3])	-58140	([5][1][0][24])
-53360	([-5][-21][0][3])	-72343	([5][1][9][24])
-50718	([-5][-21][0][3])	-98292	([5][1][22][24])
-49380	([-5][-22][0][3])	-66690	([5][1][3][24])
-45090	([-5][-22][0][3])	-63049	([5][1][1][24])
-44587	([-5][-22][0][3])	-69356	([5][1][5][24])
-43962	([5][-21][0][3])	-79984	([5][1][14][24])
-32892	([5][-21][0][3])	-99857	([5][1][23][24])
-28060	([5][-21][0][3])	-87515	([5][1][18][24])
-26230	([-5][-22][0][3])	-70787	([5][1][7][24])
-24406	([-5][-22][0][3])	-72472	([5][1][10][24])
-21350	([-5][-22][0][3])	-90134	([5][1][20][24])
-18303	([5][-23][0][2])	-73312	([5][1][11][24])
-17957	([5][-23][0][2])	-92549	([5][1][21][24])
-14599	([5][-22][0][3])	-67564	([5][1][4][24])
-14472	([5][-22][0][3])	-69904	([5][1][6][24])
-13203	([5][-22][0][3])	-89966	([5][1][19][24])
-11950	([-5][-23][0][3])	-79954	([5][1][13][24])
-11263	([-5][-23][0][3])	-82780	([5][1][15][24])
-10270	([-5][-23][0][3])	-73473	([5][1][12][24])
-8902	([5][-24][0][2])
-3610	([5][-24][0][2])
-82	([4][-19][0][4])
2207	([4][-19][0][4])
5890	([4][-19][0][4])
6443	([4][-19][0][4])
7165	([-6][-20][0][4])
9223	([-6][-20][0][4])
9865	([-6][-20][0][4])
10677	([-6][-20][0][4])
10702	([-6][-21][0][3])
11028	([-6][-21][0][3])
14795	([-6][-21][0][3])
20217	([4][-19][0][12])
23290	([4][-20][0][2])
23639	([4][-20][0][2])
28480	([4][-20][0][2])
36082	([4][-20][0][4])
36529	([4][-20][0][4])
41454	([-6][-21][0][1])
45934	([-6][-21][0][4])
50145	([-6][-21][0][4])
50644	([-6][-21][0][4])
58376	([4][-22][0][1])
58382	([4][-22][0][1])
59297	([-6][-23][0][1])
59978	([4][-24][0][1])
60447	([3][-19][0][2])
64541	([3][-19][0][2])
65129	([-7][-20][0][2])
66232	([-7][-20][0][2])
67835	([-7][-21][0][2])
72083	([-7][-21][0][2])
72571	([3][-20][0][1])
73265	([3][-20][0][1])
74638	([3][-20][0][2])
76507	([-7][-21][0][2])
81898	([-7][-21][0][2])
82638	([-7][-22][0][2])
84689	([-7][-22][0][2])
85185	([2][-19][0][3])
86472	([2][-19][0][3])
88160	([2][-19][0][3])
90307	([2][-20][0][0])
90516	([2][-20][0][0])
91381	([2][0][0][0])
93691	([1][-20][0][0])
94890	([1][-20][0][0])
95591	([1][-20][0][0])
96114	([0][0][2][0])
96618	([0][0][1][0])
98380	([0][0][0][0])
-----------------	------------------
	a			b	


PiVOT Sorting B POST COUNTING, piv : 5, low_piv : 1, nb_elem_categ: 			8, count : 24, nv count : 0
-56240	([5][-19][0][25])	-63389	([5][-1][2][8])
-55798	([5][-20][0][3])	-71434	([5][0][0][8])
-54346	([5][-20][0][3])	-83413	([5][1][0][8])
-54306	([5][0][0][3])	-83581	([5][1][1][8])
-53985	([-5][-21][0][3])	-58140	([5][-1][0][8])
-53360	([-5][-21][0][3])	-72343	([5][0][1][8])
-50718	([-5][-21][0][3])	-98292	([5][1][6][8])
-49380	([-5][-22][0][3])	-66690	([5][-1][3][8])
-45090	([-5][-22][0][3])	-63049	([5][-1][1][8])
-44587	([-5][-22][0][3])	-69356	([5][-1][5][8])
-43962	([5][-21][0][3])	-79984	([5][0][6][8])
-32892	([5][-21][0][3])	-99857	([5][1][7][8])
-28060	([5][-21][0][3])	-87515	([5][1][2][8])
-26230	([-5][-22][0][3])	-70787	([5][-1][7][8])
-24406	([-5][-22][0][3])	-72472	([5][0][2][8])
-21350	([-5][-22][0][3])	-90134	([5][1][4][8])
-18303	([5][-23][0][2])	-73312	([5][0][3][8])
-17957	([5][-23][0][2])	-92549	([5][1][5][8])
-14599	([5][-22][0][3])	-67564	([5][-1][4][8])
-14472	([5][-22][0][3])	-69904	([5][-1][6][8])
-13203	([5][-22][0][3])	-89966	([5][1][3][8])
-11950	([-5][-23][0][3])	-79954	([5][0][5][8])
-11263	([-5][-23][0][3])	-82780	([5][0][7][8])
-10270	([-5][-23][0][3])	-73473	([5][0][4][8])
-8902	([5][-24][0][2])
-3610	([5][-24][0][2])
-82	([4][-19][0][4])
2207	([4][-19][0][4])
5890	([4][-19][0][4])
6443	([4][-19][0][4])
7165	([-6][-20][0][4])
9223	([-6][-20][0][4])
9865	([-6][-20][0][4])
10677	([-6][-20][0][4])
10702	([-6][-21][0][3])
11028	([-6][-21][0][3])
14795	([-6][-21][0][3])
20217	([4][-19][0][12])
23290	([4][-20][0][2])
23639	([4][-20][0][2])
28480	([4][-20][0][2])
36082	([4][-20][0][4])
36529	([4][-20][0][4])
41454	([-6][-21][0][1])
45934	([-6][-21][0][4])
50145	([-6][-21][0][4])
50644	([-6][-21][0][4])
58376	([4][-22][0][1])
58382	([4][-22][0][1])
59297	([-6][-23][0][1])
59978	([4][-24][0][1])
60447	([3][-19][0][2])
64541	([3][-19][0][2])
65129	([-7][-20][0][2])
66232	([-7][-20][0][2])
67835	([-7][-21][0][2])
72083	([-7][-21][0][2])
72571	([3][-20][0][1])
73265	([3][-20][0][1])
74638	([3][-20][0][2])
76507	([-7][-21][0][2])
81898	([-7][-21][0][2])
82638	([-7][-22][0][2])
84689	([-7][-22][0][2])
85185	([2][-19][0][3])
86472	([2][-19][0][3])
88160	([2][-19][0][3])
90307	([2][-20][0][0])
90516	([2][-20][0][0])
91381	([2][0][0][0])
93691	([1][-20][0][0])
94890	([1][-20][0][0])
95591	([1][-20][0][0])
96114	([0][0][2][0])
96618	([0][0][1][0])
98380	([0][0][0][0])
-----------------	------------------
	a			b	
pa
pa
rr
rb
pa
pa
rr
pa
pa
pa
pa
rr
rb
pa
pa
rr
pa
rr
pa
pa
rb
pa
pa
pa
rr
rr
rr


Pre init sorting A, piv : 5, low_piv : -1, nb_elem_categ: 			8, count : 8, nv count : 8
-69904	([5][-1][6][8])	-99857	([5][1][7][8])
-67564	([5][-1][4][8])	-87515	([5][1][2][8])
-70787	([5][-1][7][8])	-90134	([5][1][4][8])
-69356	([5][-1][5][8])	-92549	([5][1][5][8])
-63049	([5][-1][1][8])	-89966	([5][1][3][8])
-66690	([5][-1][3][8])	-83413	([5][1][0][8])
-58140	([5][-1][0][8])	-83581	([5][1][1][8])
-63389	([5][-1][2][8])	-98292	([5][1][6][8])
-56240	([5][-19][0][25])
-55798	([5][-20][0][3])
-54346	([5][-20][0][3])
-54306	([5][0][0][3])
-53985	([-5][-21][0][3])
-53360	([-5][-21][0][3])
-50718	([-5][-21][0][3])
-49380	([-5][-22][0][3])
-45090	([-5][-22][0][3])
-44587	([-5][-22][0][3])
-43962	([5][-21][0][3])
-32892	([5][-21][0][3])
-28060	([5][-21][0][3])
-26230	([-5][-22][0][3])
-24406	([-5][-22][0][3])
-21350	([-5][-22][0][3])
-18303	([5][-23][0][2])
-17957	([5][-23][0][2])
-14599	([5][-22][0][3])
-14472	([5][-22][0][3])
-13203	([5][-22][0][3])
-11950	([-5][-23][0][3])
-11263	([-5][-23][0][3])
-10270	([-5][-23][0][3])
-8902	([5][-24][0][2])
-3610	([5][-24][0][2])
-82	([4][-19][0][4])
2207	([4][-19][0][4])
5890	([4][-19][0][4])
6443	([4][-19][0][4])
7165	([-6][-20][0][4])
9223	([-6][-20][0][4])
9865	([-6][-20][0][4])
10677	([-6][-20][0][4])
10702	([-6][-21][0][3])
11028	([-6][-21][0][3])
14795	([-6][-21][0][3])
20217	([4][-19][0][12])
23290	([4][-20][0][2])
23639	([4][-20][0][2])
28480	([4][-20][0][2])
36082	([4][-20][0][4])
36529	([4][-20][0][4])
41454	([-6][-21][0][1])
45934	([-6][-21][0][4])
50145	([-6][-21][0][4])
50644	([-6][-21][0][4])
58376	([4][-22][0][1])
58382	([4][-22][0][1])
59297	([-6][-23][0][1])
59978	([4][-24][0][1])
60447	([3][-19][0][2])
64541	([3][-19][0][2])
65129	([-7][-20][0][2])
66232	([-7][-20][0][2])
67835	([-7][-21][0][2])
72083	([-7][-21][0][2])
72571	([3][-20][0][1])
73265	([3][-20][0][1])
74638	([3][-20][0][2])
76507	([-7][-21][0][2])
81898	([-7][-21][0][2])
82638	([-7][-22][0][2])
84689	([-7][-22][0][2])
85185	([2][-19][0][3])
86472	([2][-19][0][3])
88160	([2][-19][0][3])
90307	([2][-20][0][0])
90516	([2][-20][0][0])
91381	([2][0][0][0])
93691	([1][-20][0][0])
94890	([1][-20][0][0])
95591	([1][-20][0][0])
96114	([0][0][2][0])
96618	([0][0][1][0])
98380	([0][0][0][0])
-71434	([5][0][0][8])
-72343	([5][0][1][8])
-79984	([5][0][6][8])
-72472	([5][0][2][8])
-73312	([5][0][3][8])
-73473	([5][0][4][8])
-82780	([5][0][7][8])
-79954	([5][0][5][8])
-----------------	------------------
	a			b	


Post splitting A, piv : 5, low_piv : -1, nb_elem_categ: 			8, count : 3, nv count : -1
-69904	([5][-1][1][3])	-99857	([5][1][7][8])
-67564	([5][-2][2][3])	-87515	([5][1][2][8])
-70787	([5][-1][2][3])	-90134	([5][1][4][8])
-69356	([5][-1][0][3])	-92549	([5][1][5][8])
-63049	([5][-3][1][2])	-89966	([5][1][3][8])
-66690	([5][-2][1][3])	-83413	([5][1][0][8])
-58140	([5][-3][0][2])	-83581	([5][1][1][8])
-63389	([5][-2][0][3])	-98292	([5][1][6][8])
-56240	([5][-19][0][25])
-55798	([5][-20][0][3])
-54346	([5][-20][0][3])
-54306	([5][0][0][3])
-53985	([-5][-21][0][3])
-53360	([-5][-21][0][3])
-50718	([-5][-21][0][3])
-49380	([-5][-22][0][3])
-45090	([-5][-22][0][3])
-44587	([-5][-22][0][3])
-43962	([5][-21][0][3])
-32892	([5][-21][0][3])
-28060	([5][-21][0][3])
-26230	([-5][-22][0][3])
-24406	([-5][-22][0][3])
-21350	([-5][-22][0][3])
-18303	([5][-23][0][2])
-17957	([5][-23][0][2])
-14599	([5][-22][0][3])
-14472	([5][-22][0][3])
-13203	([5][-22][0][3])
-11950	([-5][-23][0][3])
-11263	([-5][-23][0][3])
-10270	([-5][-23][0][3])
-8902	([5][-24][0][2])
-3610	([5][-24][0][2])
-82	([4][-19][0][4])
2207	([4][-19][0][4])
5890	([4][-19][0][4])
6443	([4][-19][0][4])
7165	([-6][-20][0][4])
9223	([-6][-20][0][4])
9865	([-6][-20][0][4])
10677	([-6][-20][0][4])
10702	([-6][-21][0][3])
11028	([-6][-21][0][3])
14795	([-6][-21][0][3])
20217	([4][-19][0][12])
23290	([4][-20][0][2])
23639	([4][-20][0][2])
28480	([4][-20][0][2])
36082	([4][-20][0][4])
36529	([4][-20][0][4])
41454	([-6][-21][0][1])
45934	([-6][-21][0][4])
50145	([-6][-21][0][4])
50644	([-6][-21][0][4])
58376	([4][-22][0][1])
58382	([4][-22][0][1])
59297	([-6][-23][0][1])
59978	([4][-24][0][1])
60447	([3][-19][0][2])
64541	([3][-19][0][2])
65129	([-7][-20][0][2])
66232	([-7][-20][0][2])
67835	([-7][-21][0][2])
72083	([-7][-21][0][2])
72571	([3][-20][0][1])
73265	([3][-20][0][1])
74638	([3][-20][0][2])
76507	([-7][-21][0][2])
81898	([-7][-21][0][2])
82638	([-7][-22][0][2])
84689	([-7][-22][0][2])
85185	([2][-19][0][3])
86472	([2][-19][0][3])
88160	([2][-19][0][3])
90307	([2][-20][0][0])
90516	([2][-20][0][0])
91381	([2][0][0][0])
93691	([1][-20][0][0])
94890	([1][-20][0][0])
95591	([1][-20][0][0])
96114	([0][0][2][0])
96618	([0][0][1][0])
98380	([0][0][0][0])
-71434	([5][0][0][8])
-72343	([5][0][1][8])
-79984	([5][0][6][8])
-72472	([5][0][2][8])
-73312	([5][0][3][8])
-73473	([5][0][4][8])
-82780	([5][0][7][8])
-79954	([5][0][5][8])
-----------------	------------------
	a			b	
pb
rr
pb
pb
rb
rb
pb
ra
pb
ra
Beggining of B
pa
pa


Pre init sorting A, piv : 5, low_piv : -3, nb_elem_categ: 			8, count : 0, nv count : 0

PULLBACK
rrr
rrr
rrr


Pre init sorting A, piv : 5, low_piv : -2, nb_elem_categ: 			3, count : 0, nv count : 0
Beggining of B
Beggining of B
sb
pa
pa
pa


Pre init sorting A, piv : 5, low_piv : -1, nb_elem_categ: 			8, count : 0, nv count : 0

PULLBACK
rrr
rrr
rrr
rrr
rrr
rrr
rrr
rrr


Pre init sorting A, piv : 5, low_piv : 0, nb_elem_categ: 			8, count : 8, nv count : 8
-71434	([5][0][0][8])	-99857	([5][1][7][8])
-72343	([5][0][1][8])	-87515	([5][1][2][8])
-79984	([5][0][6][8])	-90134	([5][1][4][8])
-72472	([5][0][2][8])	-92549	([5][1][5][8])
-73312	([5][0][3][8])	-89966	([5][1][3][8])
-73473	([5][0][4][8])	-83413	([5][1][0][8])
-82780	([5][0][7][8])	-83581	([5][1][1][8])
-79954	([5][0][5][8])	-98292	([5][1][6][8])
-70787	([5][-21][0][3])
-69904	([5][-21][0][3])
-69356	([5][-21][0][3])
-67564	([-5][-22][0][3])
-66690	([-5][-22][0][3])
-63389	([-5][-22][0][3])
-63049	([5][-23][0][2])
-58140	([5][-23][0][2])
-56240	([5][-19][0][25])
-55798	([5][-20][0][3])
-54346	([5][-20][0][3])
-54306	([5][0][0][3])
-53985	([-5][-21][0][3])
-53360	([-5][-21][0][3])
-50718	([-5][-21][0][3])
-49380	([-5][-22][0][3])
-45090	([-5][-22][0][3])
-44587	([-5][-22][0][3])
-43962	([5][-21][0][3])
-32892	([5][-21][0][3])
-28060	([5][-21][0][3])
-26230	([-5][-22][0][3])
-24406	([-5][-22][0][3])
-21350	([-5][-22][0][3])
-18303	([5][-23][0][2])
-17957	([5][-23][0][2])
-14599	([5][-22][0][3])
-14472	([5][-22][0][3])
-13203	([5][-22][0][3])
-11950	([-5][-23][0][3])
-11263	([-5][-23][0][3])
-10270	([-5][-23][0][3])
-8902	([5][-24][0][2])
-3610	([5][-24][0][2])
-82	([4][-19][0][4])
2207	([4][-19][0][4])
5890	([4][-19][0][4])
6443	([4][-19][0][4])
7165	([-6][-20][0][4])
9223	([-6][-20][0][4])
9865	([-6][-20][0][4])
10677	([-6][-20][0][4])
10702	([-6][-21][0][3])
11028	([-6][-21][0][3])
14795	([-6][-21][0][3])
20217	([4][-19][0][12])
23290	([4][-20][0][2])
23639	([4][-20][0][2])
28480	([4][-20][0][2])
36082	([4][-20][0][4])
36529	([4][-20][0][4])
41454	([-6][-21][0][1])
45934	([-6][-21][0][4])
50145	([-6][-21][0][4])
50644	([-6][-21][0][4])
58376	([4][-22][0][1])
58382	([4][-22][0][1])
59297	([-6][-23][0][1])
59978	([4][-24][0][1])
60447	([3][-19][0][2])
64541	([3][-19][0][2])
65129	([-7][-20][0][2])
66232	([-7][-20][0][2])
67835	([-7][-21][0][2])
72083	([-7][-21][0][2])
72571	([3][-20][0][1])
73265	([3][-20][0][1])
74638	([3][-20][0][2])
76507	([-7][-21][0][2])
81898	([-7][-21][0][2])
82638	([-7][-22][0][2])
84689	([-7][-22][0][2])
85185	([2][-19][0][3])
86472	([2][-19][0][3])
88160	([2][-19][0][3])
90307	([2][-20][0][0])
90516	([2][-20][0][0])
91381	([2][0][0][0])
93691	([1][-20][0][0])
94890	([1][-20][0][0])
95591	([1][-20][0][0])
96114	([0][0][2][0])
96618	([0][0][1][0])
98380	([0][0][0][0])
-----------------	------------------
	a			b	


Post splitting A, piv : 5, low_piv : 0, nb_elem_categ: 			8, count : 0, nv count : 0
-71434	([5][-2][0][2])	-99857	([5][1][7][8])
-72343	([5][-2][1][2])	-87515	([5][1][2][8])
-79984	([5][0][1][3])	-90134	([5][1][4][8])
-72472	([5][-1][0][3])	-92549	([5][1][5][8])
-73312	([5][-1][1][3])	-89966	([5][1][3][8])
-73473	([5][-1][2][3])	-83413	([5][1][0][8])
-82780	([5][0][2][3])	-83581	([5][1][1][8])
-79954	([5][0][0][3])	-98292	([5][1][6][8])
-70787	([5][-21][0][3])
-69904	([5][-21][0][3])
-69356	([5][-21][0][3])
-67564	([-5][-22][0][3])
-66690	([-5][-22][0][3])
-63389	([-5][-22][0][3])
-63049	([5][-23][0][2])
-58140	([5][-23][0][2])
-56240	([5][-19][0][25])
-55798	([5][-20][0][3])
-54346	([5][-20][0][3])
-54306	([5][0][0][3])
-53985	([-5][-21][0][3])
-53360	([-5][-21][0][3])
-50718	([-5][-21][0][3])
-49380	([-5][-22][0][3])
-45090	([-5][-22][0][3])
-44587	([-5][-22][0][3])
-43962	([5][-21][0][3])
-32892	([5][-21][0][3])
-28060	([5][-21][0][3])
-26230	([-5][-22][0][3])
-24406	([-5][-22][0][3])
-21350	([-5][-22][0][3])
-18303	([5][-23][0][2])
-17957	([5][-23][0][2])
-14599	([5][-22][0][3])
-14472	([5][-22][0][3])
-13203	([5][-22][0][3])
-11950	([-5][-23][0][3])
-11263	([-5][-23][0][3])
-10270	([-5][-23][0][3])
-8902	([5][-24][0][2])
-3610	([5][-24][0][2])
-82	([4][-19][0][4])
2207	([4][-19][0][4])
5890	([4][-19][0][4])
6443	([4][-19][0][4])
7165	([-6][-20][0][4])
9223	([-6][-20][0][4])
9865	([-6][-20][0][4])
10677	([-6][-20][0][4])
10702	([-6][-21][0][3])
11028	([-6][-21][0][3])
14795	([-6][-21][0][3])
20217	([4][-19][0][12])
23290	([4][-20][0][2])
23639	([4][-20][0][2])
28480	([4][-20][0][2])
36082	([4][-20][0][4])
36529	([4][-20][0][4])
41454	([-6][-21][0][1])
45934	([-6][-21][0][4])
50145	([-6][-21][0][4])
50644	([-6][-21][0][4])
58376	([4][-22][0][1])
58382	([4][-22][0][1])
59297	([-6][-23][0][1])
59978	([4][-24][0][1])
60447	([3][-19][0][2])
64541	([3][-19][0][2])
65129	([-7][-20][0][2])
66232	([-7][-20][0][2])
67835	([-7][-21][0][2])
72083	([-7][-21][0][2])
72571	([3][-20][0][1])
73265	([3][-20][0][1])
74638	([3][-20][0][2])
76507	([-7][-21][0][2])
81898	([-7][-21][0][2])
82638	([-7][-22][0][2])
84689	([-7][-22][0][2])
85185	([2][-19][0][3])
86472	([2][-19][0][3])
88160	([2][-19][0][3])
90307	([2][-20][0][0])
90516	([2][-20][0][0])
91381	([2][0][0][0])
93691	([1][-20][0][0])
94890	([1][-20][0][0])
95591	([1][-20][0][0])
96114	([0][0][2][0])
96618	([0][0][1][0])
98380	([0][0][0][0])
-----------------	------------------
	a			b	
pb
pb
sb
pb
rr
ra
ra
pb
pb
rb
rb
Beggining of B
pa
pa


Pre init sorting A, piv : 5, low_piv : -2, nb_elem_categ: 			8, count : 0, nv count : 0

PULLBACK
rrr
rrr
sa
rrr
sss


Pre init sorting A, piv : 5, low_piv : -1, nb_elem_categ: 			3, count : 3, nv count : 3
rr
sss
rrr
Beggining of B
Beggining of B
pa
sb
pa
pa
Beggining of B


PiVOT Sorting B, piv : 5, low_piv : 1, nb_elem_categ: 			8, count : 8, nv count : 8
-82780	([5][-20][0][3])	-99857	([5][1][7][8])
-79984	([5][-20][0][3])	-87515	([5][1][2][8])
-79954	([5][-20][0][3])	-90134	([5][1][4][8])
-73473	([-5][-21][0][3])	-92549	([5][1][5][8])
-73312	([-5][-21][0][3])	-89966	([5][1][3][8])
-72472	([-5][-21][0][3])	-83413	([5][1][0][8])
-72343	([5][-22][0][2])	-83581	([5][1][1][8])
-71434	([5][-22][0][2])	-98292	([5][1][6][8])
-70787	([5][-21][0][3])
-69904	([5][-21][0][3])
-69356	([5][-21][0][3])
-67564	([-5][-22][0][3])
-66690	([-5][-22][0][3])
-63389	([-5][-22][0][3])
-63049	([5][-23][0][2])
-58140	([5][-23][0][2])
-56240	([5][-19][0][25])
-55798	([5][-20][0][3])
-54346	([5][-20][0][3])
-54306	([5][0][0][3])
-53985	([-5][-21][0][3])
-53360	([-5][-21][0][3])
-50718	([-5][-21][0][3])
-49380	([-5][-22][0][3])
-45090	([-5][-22][0][3])
-44587	([-5][-22][0][3])
-43962	([5][-21][0][3])
-32892	([5][-21][0][3])
-28060	([5][-21][0][3])
-26230	([-5][-22][0][3])
-24406	([-5][-22][0][3])
-21350	([-5][-22][0][3])
-18303	([5][-23][0][2])
-17957	([5][-23][0][2])
-14599	([5][-22][0][3])
-14472	([5][-22][0][3])
-13203	([5][-22][0][3])
-11950	([-5][-23][0][3])
-11263	([-5][-23][0][3])
-10270	([-5][-23][0][3])
-8902	([5][-24][0][2])
-3610	([5][-24][0][2])
-82	([4][-19][0][4])
2207	([4][-19][0][4])
5890	([4][-19][0][4])
6443	([4][-19][0][4])
7165	([-6][-20][0][4])
9223	([-6][-20][0][4])
9865	([-6][-20][0][4])
10677	([-6][-20][0][4])
10702	([-6][-21][0][3])
11028	([-6][-21][0][3])
14795	([-6][-21][0][3])
20217	([4][-19][0][12])
23290	([4][-20][0][2])
23639	([4][-20][0][2])
28480	([4][-20][0][2])
36082	([4][-20][0][4])
36529	([4][-20][0][4])
41454	([-6][-21][0][1])
45934	([-6][-21][0][4])
50145	([-6][-21][0][4])
50644	([-6][-21][0][4])
58376	([4][-22][0][1])
58382	([4][-22][0][1])
59297	([-6][-23][0][1])
59978	([4][-24][0][1])
60447	([3][-19][0][2])
64541	([3][-19][0][2])
65129	([-7][-20][0][2])
66232	([-7][-20][0][2])
67835	([-7][-21][0][2])
72083	([-7][-21][0][2])
72571	([3][-20][0][1])
73265	([3][-20][0][1])
74638	([3][-20][0][2])
76507	([-7][-21][0][2])
81898	([-7][-21][0][2])
82638	([-7][-22][0][2])
84689	([-7][-22][0][2])
85185	([2][-19][0][3])
86472	([2][-19][0][3])
88160	([2][-19][0][3])
90307	([2][-20][0][0])
90516	([2][-20][0][0])
91381	([2][0][0][0])
93691	([1][-20][0][0])
94890	([1][-20][0][0])
95591	([1][-20][0][0])
96114	([0][0][2][0])
96618	([0][0][1][0])
98380	([0][0][0][0])
-----------------	------------------
	a			b	


PiVOT Sorting B POST COUNTING, piv : 5, low_piv : 1, nb_elem_categ: 			3, count : 8, nv count : 2
-82780	([5][-20][0][3])	-99857	([5][1][2][2])
-79984	([5][-20][0][3])	-87515	([5][0][0][3])
-79954	([5][-20][0][3])	-90134	([5][0][2][3])
-73473	([-5][-21][0][3])	-92549	([5][1][0][2])
-73312	([-5][-21][0][3])	-89966	([5][0][1][3])
-72472	([-5][-21][0][3])	-83413	([5][-1][0][2])
-72343	([5][-22][0][2])	-83581	([5][-1][1][2])
-71434	([5][-22][0][2])	-98292	([5][1][1][3])
-70787	([5][-21][0][3])
-69904	([5][-21][0][3])
-69356	([5][-21][0][3])
-67564	([-5][-22][0][3])
-66690	([-5][-22][0][3])
-63389	([-5][-22][0][3])
-63049	([5][-23][0][2])
-58140	([5][-23][0][2])
-56240	([5][-19][0][25])
-55798	([5][-20][0][3])
-54346	([5][-20][0][3])
-54306	([5][0][0][3])
-53985	([-5][-21][0][3])
-53360	([-5][-21][0][3])
-50718	([-5][-21][0][3])
-49380	([-5][-22][0][3])
-45090	([-5][-22][0][3])
-44587	([-5][-22][0][3])
-43962	([5][-21][0][3])
-32892	([5][-21][0][3])
-28060	([5][-21][0][3])
-26230	([-5][-22][0][3])
-24406	([-5][-22][0][3])
-21350	([-5][-22][0][3])
-18303	([5][-23][0][2])
-17957	([5][-23][0][2])
-14599	([5][-22][0][3])
-14472	([5][-22][0][3])
-13203	([5][-22][0][3])
-11950	([-5][-23][0][3])
-11263	([-5][-23][0][3])
-10270	([-5][-23][0][3])
-8902	([5][-24][0][2])
-3610	([5][-24][0][2])
-82	([4][-19][0][4])
2207	([4][-19][0][4])
5890	([4][-19][0][4])
6443	([4][-19][0][4])
7165	([-6][-20][0][4])
9223	([-6][-20][0][4])
9865	([-6][-20][0][4])
10677	([-6][-20][0][4])
10702	([-6][-21][0][3])
11028	([-6][-21][0][3])
14795	([-6][-21][0][3])
20217	([4][-19][0][12])
23290	([4][-20][0][2])
23639	([4][-20][0][2])
28480	([4][-20][0][2])
36082	([4][-20][0][4])
36529	([4][-20][0][4])
41454	([-6][-21][0][1])
45934	([-6][-21][0][4])
50145	([-6][-21][0][4])
50644	([-6][-21][0][4])
58376	([4][-22][0][1])
58382	([4][-22][0][1])
59297	([-6][-23][0][1])
59978	([4][-24][0][1])
60447	([3][-19][0][2])
64541	([3][-19][0][2])
65129	([-7][-20][0][2])
66232	([-7][-20][0][2])
67835	([-7][-21][0][2])
72083	([-7][-21][0][2])
72571	([3][-20][0][1])
73265	([3][-20][0][1])
74638	([3][-20][0][2])
76507	([-7][-21][0][2])
81898	([-7][-21][0][2])
82638	([-7][-22][0][2])
84689	([-7][-22][0][2])
85185	([2][-19][0][3])
86472	([2][-19][0][3])
88160	([2][-19][0][3])
90307	([2][-20][0][0])
90516	([2][-20][0][0])
91381	([2][0][0][0])
93691	([1][-20][0][0])
94890	([1][-20][0][0])
95591	([1][-20][0][0])
96114	([0][0][2][0])
96618	([0][0][1][0])
98380	([0][0][0][0])
-----------------	------------------
	a			b	
rb
pa
pa
rr
pa
ra
ra
pa
pa


Pre init sorting A, piv : 5, low_piv : -1, nb_elem_categ: 			3, count : 2, nv count : 2

PULLBACK
rrr
rrr
rrr


Pre init sorting A, piv : 5, low_piv : 0, nb_elem_categ: 			3, count : 0, nv count : 0
Beggining of B
Beggining of B
rb
sb
pa
rrb
pa
pa

-99857	([5][-19][0][3])
-98292	([5][-19][0][3])
-92549	([5][1][0][3])
-90134	([-5][-20][0][3])
-89966	([-5][-20][0][3])
-87515	([-5][-20][0][3])
-83581	([-5][-21][0][2])
-83413	([-5][-21][0][2])
-82780	([5][-20][0][3])
-79984	([5][-20][0][3])
-79954	([5][-20][0][3])
-73473	([-5][-21][0][3])
-73312	([-5][-21][0][3])
-72472	([-5][-21][0][3])
-72343	([5][-22][0][2])
-71434	([5][-22][0][2])
-70787	([5][-21][0][3])
-69904	([5][-21][0][3])
-69356	([5][-21][0][3])
-67564	([-5][-22][0][3])
-66690	([-5][-22][0][3])
-63389	([-5][-22][0][3])
-63049	([5][-23][0][2])
-58140	([5][-23][0][2])
-56240	([5][-19][0][25])
-55798	([5][-20][0][3])
-54346	([5][-20][0][3])
-54306	([5][0][0][3])
-53985	([-5][-21][0][3])
-53360	([-5][-21][0][3])
-50718	([-5][-21][0][3])
-49380	([-5][-22][0][3])
-45090	([-5][-22][0][3])
-44587	([-5][-22][0][3])
-43962	([5][-21][0][3])
-32892	([5][-21][0][3])
-28060	([5][-21][0][3])
-26230	([-5][-22][0][3])
-24406	([-5][-22][0][3])
-21350	([-5][-22][0][3])
-18303	([5][-23][0][2])
-17957	([5][-23][0][2])
-14599	([5][-22][0][3])
-14472	([5][-22][0][3])
-13203	([5][-22][0][3])
-11950	([-5][-23][0][3])
-11263	([-5][-23][0][3])
-10270	([-5][-23][0][3])
-8902	([5][-24][0][2])
-3610	([5][-24][0][2])
-82	([4][-19][0][4])
2207	([4][-19][0][4])
5890	([4][-19][0][4])
6443	([4][-19][0][4])
7165	([-6][-20][0][4])
9223	([-6][-20][0][4])
9865	([-6][-20][0][4])
10677	([-6][-20][0][4])
10702	([-6][-21][0][3])
11028	([-6][-21][0][3])
14795	([-6][-21][0][3])
20217	([4][-19][0][12])
23290	([4][-20][0][2])
23639	([4][-20][0][2])
28480	([4][-20][0][2])
36082	([4][-20][0][4])
36529	([4][-20][0][4])
41454	([-6][-21][0][1])
45934	([-6][-21][0][4])
50145	([-6][-21][0][4])
50644	([-6][-21][0][4])
58376	([4][-22][0][1])
58382	([4][-22][0][1])
59297	([-6][-23][0][1])
59978	([4][-24][0][1])
60447	([3][-19][0][2])
64541	([3][-19][0][2])
65129	([-7][-20][0][2])
66232	([-7][-20][0][2])
67835	([-7][-21][0][2])
72083	([-7][-21][0][2])
72571	([3][-20][0][1])
73265	([3][-20][0][1])
74638	([3][-20][0][2])
76507	([-7][-21][0][2])
81898	([-7][-21][0][2])
82638	([-7][-22][0][2])
84689	([-7][-22][0][2])
85185	([2][-19][0][3])
86472	([2][-19][0][3])
88160	([2][-19][0][3])
90307	([2][-20][0][0])
90516	([2][-20][0][0])
91381	([2][0][0][0])
93691	([1][-20][0][0])
94890	([1][-20][0][0])
95591	([1][-20][0][0])
96114	([0][0][2][0])
96618	([0][0][1][0])
98380	([0][0][0][0])
-----------------	------------------
	a			b	
