ra
pb
ra
ra
ra
ra
pb
ra
ra
ra
ra
pb
rr
ra
ra
pb
ra
ra
pb
rb
pb
pb
rb
pb
pb
rr
pb
pb
rb
pb
rr
pb
ra
ra
pb
pb
pb
ra
ra
pb
rr
pb
rr
pb
rr
ra
ra
ra
pb
pb
ra
pb
pb
rr
pb
rb
pb
rb
pb
rb
pb
rr
ra
pb
pb
rb
pb
ra
pb
rb
pb
rr
pb
rr
pb
pb
ra
ra
ra
pb
rb
pb
ra
pb
ra
pb
rb
pb
rb
pb
ra
pb
ra
ra
pb
rr
ra
ra
pb
pb
pb
rb
pb
rb
pb
rr
ra
ra
ra
pb
pb
pb
rr
ra
pb
rb
pb
pb
pb
ra
pb
rb
pb
ra
ra
pb
rb
pb
ra
ra
ra
pb
rb
pb
rb
pb
rr
ra
pb
ra
ra
ra
ra
ra
pb
rb
pb
rb
pb
pb
rb
pb
rb
pb
ra
pb
pb
ra
ra
ra
ra
pb
rb
pb
ra
pb
rr
ra
pb
rrr
rrr
rrr
rrr
rrr
rrr
rrr
rrr
rrr
rrr
rrr
rrr
rrr
pb
rb
pb
rr
ra
ra
pb
rb
pb
pb
pb
rr
pb
rr
ra
ra
pb
ra
ra
pb
rr
ra
ra
pb
pb
rb
pb
pb
rrr
rrr
rrr
rrr
rrr
rrr
rrr
ra
ra
pb
rr
pb
rr
pb
rr
pb
pb
pb
rrr
rrr
sss
rrr
ra
pb
rb
pb
rr
pb
rrb
rrb
BEGINNING SORTINGsb
pa
pa
pa
sb
pa
sb
pa
pa
pa
pa
pa
pa


PiVOT Sorting B, piv : 3, low_piv : 0, nb_elem_categ: 			6, count : 6, nv count : 6
8787	([3][-20][0])	7999	([3][0][4])
8807	([2][-19][0])	7982	([3][0][5])
8812	([2][-19][0])	8152	([3][0][2])
8826	([2][-19][0])	8011	([3][0][3])
9126	([2][-20][0])	8256	([3][0][1])
9362	([2][-20][0])	8331	([3][0][0])
9430	([2][-20][0])	7408	([3][1][4])
9455	([1][-19][0])	7798	([3][1][1])
9622	([1][-20][0])	7660	([3][1][2])
9665	([1][-20][0])	7624	([3][1][3])
9716	([0][0][1])	7165	([3][1][5])
9666	([0][1][1])	6914	([3][1][6])
9895	([0][0][0])	4070	([4][0][12])
			5515	([4][0][2])
			4157	([4][0][11])
			4714	([4][0][5])
			4607	([4][0][6])
			6218	([4][0][0])
			4564	([4][0][7])
			4436	([4][0][8])
			5020	([4][0][4])
			5671	([4][0][1])
			4160	([4][0][10])
			4373	([4][0][9])
			5149	([4][0][3])
			1301	([4][1][7])
			3712	([4][1][2])
			1533	([4][1][6])
			970	([4][1][10])
			3526	([4][1][3])
			1077	([4][1][9])
			1142	([4][1][8])
			726	([4][1][12])
			3274	([4][1][5])
			3294	([4][1][4])
			811	([4][1][11])
			3829	([4][1][1])
			-374	([5][0][5])
			-847	([5][0][8])
			-3115	([5][0][17])
			-2465	([5][0][13])
			-5296	([5][0][23])
			-1940	([5][0][10])
			-3220	([5][0][18])
			-2572	([5][0][14])
			-2664	([5][0][15])
			-343	([5][0][4])
			-132	([5][0][2])
			-1479	([5][0][9])
			-4752	([5][0][22])
			-2407	([5][0][12])
			-5875	([5][0][24])
			-173	([5][0][3])
			78	([5][0][0])
			-3372	([5][0][19])
			-3482	([5][0][20])
			-3857	([5][0][21])
			-813	([5][0][7])
			-407	([5][0][6])
			29	([5][0][1])
			-2005	([5][0][11])
			-2924	([5][0][16])
			-8094	([5][1][13])
			-8329	([5][1][14])
			-8454	([5][1][15])
			-6286	([5][1][3])
			-9712	([5][1][24])
			-7539	([5][1][10])
			-6472	([5][1][5])
			-8720	([5][1][19])
			-9622	([5][1][23])
			-8509	([5][1][17])
			-6853	([5][1][6])
			-9613	([5][1][22])
			-9527	([5][1][21])
			-7043	([5][1][7])
			-9718	([5][1][25])
			-6417	([5][1][4])
			-6172	([5][1][1])
			-8661	([5][1][18])
			-8479	([5][1][16])
			-7929	([5][1][12])
			-7135	([5][1][8])
			-7400	([5][1][9])
			-6264	([5][1][2])
			-7778	([5][1][11])
			-9112	([5][1][20])
-----------------	------------------
	a			b	
rb
rb
pa
pa
ra
ra
pa
pa
sss
8256	([3][-2][1])	7798	([3][1][1])
8331	([3][-2][0])	7408	([3][1][4])
8787	([3][-20][0])	7660	([3][1][2])
8807	([2][-19][0])	7624	([3][1][3])
8812	([2][-19][0])	7165	([3][1][5])
8826	([2][-19][0])	6914	([3][1][6])
9126	([2][-20][0])	4070	([4][0][12])
9362	([2][-20][0])	5515	([4][0][2])
9430	([2][-20][0])	4157	([4][0][11])
9455	([1][-19][0])	4714	([4][0][5])
9622	([1][-20][0])	4607	([4][0][6])
9665	([1][-20][0])	6218	([4][0][0])
9716	([0][0][1])	4564	([4][0][7])
9666	([0][1][1])	4436	([4][0][8])
9895	([0][0][0])	5020	([4][0][4])
8011	([3][-1][1])	5671	([4][0][1])
8152	([3][-1][0])	4160	([4][0][10])
			4373	([4][0][9])
			5149	([4][0][3])
			1301	([4][1][7])
			3712	([4][1][2])
			1533	([4][1][6])
			970	([4][1][10])
			3526	([4][1][3])
			1077	([4][1][9])
			1142	([4][1][8])
			726	([4][1][12])
			3274	([4][1][5])
			3294	([4][1][4])
			811	([4][1][11])
			3829	([4][1][1])
			-374	([5][0][5])
			-847	([5][0][8])
			-3115	([5][0][17])
			-2465	([5][0][13])
			-5296	([5][0][23])
			-1940	([5][0][10])
			-3220	([5][0][18])
			-2572	([5][0][14])
			-2664	([5][0][15])
			-343	([5][0][4])
			-132	([5][0][2])
			-1479	([5][0][9])
			-4752	([5][0][22])
			-2407	([5][0][12])
			-5875	([5][0][24])
			-173	([5][0][3])
			78	([5][0][0])
			-3372	([5][0][19])
			-3482	([5][0][20])
			-3857	([5][0][21])
			-813	([5][0][7])
			-407	([5][0][6])
			29	([5][0][1])
			-2005	([5][0][11])
			-2924	([5][0][16])
			-8094	([5][1][13])
			-8329	([5][1][14])
			-8454	([5][1][15])
			-6286	([5][1][3])
			-9712	([5][1][24])
			-7539	([5][1][10])
			-6472	([5][1][5])
			-8720	([5][1][19])
			-9622	([5][1][23])
			-8509	([5][1][17])
			-6853	([5][1][6])
			-9613	([5][1][22])
			-9527	([5][1][21])
			-7043	([5][1][7])
			-9718	([5][1][25])
			-6417	([5][1][4])
			-6172	([5][1][1])
			-8661	([5][1][18])
			-8479	([5][1][16])
			-7929	([5][1][12])
			-7135	([5][1][8])
			-7400	([5][1][9])
			-6264	([5][1][2])
			-7778	([5][1][11])
			-9112	([5][1][20])
			7999	([3][0][0])
			7982	([3][0][1])
-----------------	------------------
	a			b	
rrr
rrr
pa
pa
pa
sb
pa
sb
pa
pa
pa
pa


PiVOT Sorting B, piv : 4, low_piv : 0, nb_elem_categ: 			13, count : 13, nv count : 13
6914	([3][-19][0])	4070	([4][0][12])
7165	([3][-19][0])	5515	([4][0][2])
7408	([3][-19][0])	4157	([4][0][11])
7624	([3][-19][0])	4714	([4][0][5])
7660	([3][-19][0])	4607	([4][0][6])
7798	([3][-19][0])	6218	([4][0][0])
7982	([3][-20][0])	4564	([4][0][7])
7999	([3][-20][0])	4436	([4][0][8])
8011	([-7][-21][0])	5020	([4][0][4])
8152	([-7][-21][0])	5671	([4][0][1])
8256	([-7][-22][0])	4160	([4][0][10])
8331	([-7][-22][0])	4373	([4][0][9])
8787	([3][-20][0])	5149	([4][0][3])
8807	([2][-19][0])	1301	([4][1][7])
8812	([2][-19][0])	3712	([4][1][2])
8826	([2][-19][0])	1533	([4][1][6])
9126	([2][-20][0])	970	([4][1][10])
9362	([2][-20][0])	3526	([4][1][3])
9430	([2][-20][0])	1077	([4][1][9])
9455	([1][-19][0])	1142	([4][1][8])
9622	([1][-20][0])	726	([4][1][12])
9665	([1][-20][0])	3274	([4][1][5])
9716	([0][0][1])	3294	([4][1][4])
9666	([0][1][1])	811	([4][1][11])
9895	([0][0][0])	3829	([4][1][1])
			-374	([5][0][5])
			-847	([5][0][8])
			-3115	([5][0][17])
			-2465	([5][0][13])
			-5296	([5][0][23])
			-1940	([5][0][10])
			-3220	([5][0][18])
			-2572	([5][0][14])
			-2664	([5][0][15])
			-343	([5][0][4])
			-132	([5][0][2])
			-1479	([5][0][9])
			-4752	([5][0][22])
			-2407	([5][0][12])
			-5875	([5][0][24])
			-173	([5][0][3])
			78	([5][0][0])
			-3372	([5][0][19])
			-3482	([5][0][20])
			-3857	([5][0][21])
			-813	([5][0][7])
			-407	([5][0][6])
			29	([5][0][1])
			-2005	([5][0][11])
			-2924	([5][0][16])
			-8094	([5][1][13])
			-8329	([5][1][14])
			-8454	([5][1][15])
			-6286	([5][1][3])
			-9712	([5][1][24])
			-7539	([5][1][10])
			-6472	([5][1][5])
			-8720	([5][1][19])
			-9622	([5][1][23])
			-8509	([5][1][17])
			-6853	([5][1][6])
			-9613	([5][1][22])
			-9527	([5][1][21])
			-7043	([5][1][7])
			-9718	([5][1][25])
			-6417	([5][1][4])
			-6172	([5][1][1])
			-8661	([5][1][18])
			-8479	([5][1][16])
			-7929	([5][1][12])
			-7135	([5][1][8])
			-7400	([5][1][9])
			-6264	([5][1][2])
			-7778	([5][1][11])
			-9112	([5][1][20])
-----------------	------------------
	a			b	
rb
pa
rb
pa
pa
ra
ra
pa
sa
pa
rr
pa
ra
pa
sss
rb
rb
pa
5149	([4][-2][3])	1301	([4][1][7])
5515	([4][-2][2])	3712	([4][1][2])
5671	([4][-2][1])	1533	([4][1][6])
6218	([4][-2][0])	970	([4][1][10])
6914	([3][-19][0])	3526	([4][1][3])
7165	([3][-19][0])	1077	([4][1][9])
7408	([3][-19][0])	1142	([4][1][8])
7624	([3][-19][0])	726	([4][1][12])
7660	([3][-19][0])	3274	([4][1][5])
7798	([3][-19][0])	3294	([4][1][4])
7982	([3][-20][0])	811	([4][1][11])
7999	([3][-20][0])	3829	([4][1][1])
8011	([-7][-21][0])	-374	([5][0][5])
8152	([-7][-21][0])	-847	([5][0][8])
8256	([-7][-22][0])	-3115	([5][0][17])
8331	([-7][-22][0])	-2465	([5][0][13])
8787	([3][-20][0])	-5296	([5][0][23])
8807	([2][-19][0])	-1940	([5][0][10])
8812	([2][-19][0])	-3220	([5][0][18])
8826	([2][-19][0])	-2572	([5][0][14])
9126	([2][-20][0])	-2664	([5][0][15])
9362	([2][-20][0])	-343	([5][0][4])
9430	([2][-20][0])	-132	([5][0][2])
9455	([1][-19][0])	-1479	([5][0][9])
9622	([1][-20][0])	-4752	([5][0][22])
9665	([1][-20][0])	-2407	([5][0][12])
9716	([0][0][1])	-5875	([5][0][24])
9666	([0][1][1])	-173	([5][0][3])
9895	([0][0][0])	78	([5][0][0])
4607	([4][-1][2])	-3372	([5][0][19])
4714	([4][-1][1])	-3482	([5][0][20])
4564	([4][-1][3])	-3857	([5][0][21])
5020	([4][-1][0])	-813	([5][0][7])
			-407	([5][0][6])
			29	([5][0][1])
			-2005	([5][0][11])
			-2924	([5][0][16])
			-8094	([5][1][13])
			-8329	([5][1][14])
			-8454	([5][1][15])
			-6286	([5][1][3])
			-9712	([5][1][24])
			-7539	([5][1][10])
			-6472	([5][1][5])
			-8720	([5][1][19])
			-9622	([5][1][23])
			-8509	([5][1][17])
			-6853	([5][1][6])
			-9613	([5][1][22])
			-9527	([5][1][21])
			-7043	([5][1][7])
			-9718	([5][1][25])
			-6417	([5][1][4])
			-6172	([5][1][1])
			-8661	([5][1][18])
			-8479	([5][1][16])
			-7929	([5][1][12])
			-7135	([5][1][8])
			-7400	([5][1][9])
			-6264	([5][1][2])
			-7778	([5][1][11])
			-9112	([5][1][20])
			4070	([4][0][4])
			4157	([4][0][3])
			4436	([4][0][0])
			4373	([4][0][1])
			4160	([4][0][2])
-----------------	------------------
	a			b	
rrr
rrr
rrr
sa
rrr
sss
rrb
sb
pa
rb
sb
pa
rrb
rb
sb
pa
rrb
sb
pa
pa


PiVOT Sorting B, piv : 4, low_piv : 1, nb_elem_categ: 			12, count : 12, nv count : 12
4070	([4][-20][0])	1301	([4][1][6])
4157	([4][-20][0])	3712	([4][1][1])
4160	([4][0][0])	1533	([4][1][5])
4373	([4][0][0])	970	([4][1][9])
4436	([4][-20][0])	3526	([4][1][2])
4564	([-6][-21][0])	1077	([4][1][8])
4607	([-6][-21][0])	1142	([4][1][7])
4714	([-6][-21][0])	726	([4][1][11])
5020	([-6][-21][0])	3274	([4][1][4])
5149	([-6][-22][0])	3294	([4][1][3])
5515	([-6][-22][0])	811	([4][1][10])
5671	([-6][-22][0])	3829	([4][1][0])
6218	([-6][-22][0])	-374	([5][0][5])
6914	([3][-19][0])	-847	([5][0][8])
7165	([3][-19][0])	-3115	([5][0][17])
7408	([3][-19][0])	-2465	([5][0][13])
7624	([3][-19][0])	-5296	([5][0][23])
7660	([3][-19][0])	-1940	([5][0][10])
7798	([3][-19][0])	-3220	([5][0][18])
7982	([3][-20][0])	-2572	([5][0][14])
7999	([3][-20][0])	-2664	([5][0][15])
8011	([-7][-21][0])	-343	([5][0][4])
8152	([-7][-21][0])	-132	([5][0][2])
8256	([-7][-22][0])	-1479	([5][0][9])
8331	([-7][-22][0])	-4752	([5][0][22])
8787	([3][-20][0])	-2407	([5][0][12])
8807	([2][-19][0])	-5875	([5][0][24])
8812	([2][-19][0])	-173	([5][0][3])
8826	([2][-19][0])	78	([5][0][0])
9126	([2][-20][0])	-3372	([5][0][19])
9362	([2][-20][0])	-3482	([5][0][20])
9430	([2][-20][0])	-3857	([5][0][21])
9455	([1][-19][0])	-813	([5][0][7])
9622	([1][-20][0])	-407	([5][0][6])
9665	([1][-20][0])	29	([5][0][1])
9716	([0][0][1])	-2005	([5][0][11])
9666	([0][1][1])	-2924	([5][0][16])
9895	([0][0][0])	-8094	([5][1][13])
			-8329	([5][1][14])
			-8454	([5][1][15])
			-6286	([5][1][3])
			-9712	([5][1][24])
			-7539	([5][1][10])
			-6472	([5][1][5])
			-8720	([5][1][19])
			-9622	([5][1][23])
			-8509	([5][1][17])
			-6853	([5][1][6])
			-9613	([5][1][22])
			-9527	([5][1][21])
			-7043	([5][1][7])
			-9718	([5][1][25])
			-6417	([5][1][4])
			-6172	([5][1][1])
			-8661	([5][1][18])
			-8479	([5][1][16])
			-7929	([5][1][12])
			-7135	([5][1][8])
			-7400	([5][1][9])
			-6264	([5][1][2])
			-7778	([5][1][11])
			-9112	([5][1][20])
-----------------	------------------
	a			b	
pa
ra
pa
pa
rr
pa
rb
pa
rr
pa
ra
pa
rb
pa
sa
3294	([4][-1][3])	-374	([5][0][5])
3829	([4][-1][0])	-847	([5][0][8])
3526	([4][-1][2])	-3115	([5][0][17])
3712	([4][-1][1])	-2465	([5][0][13])
4070	([4][-20][0])	-5296	([5][0][23])
4157	([4][-20][0])	-1940	([5][0][10])
4160	([4][0][0])	-3220	([5][0][18])
4373	([4][0][0])	-2572	([5][0][14])
4436	([4][-20][0])	-2664	([5][0][15])
4564	([-6][-21][0])	-343	([5][0][4])
4607	([-6][-21][0])	-132	([5][0][2])
4714	([-6][-21][0])	-1479	([5][0][9])
5020	([-6][-21][0])	-4752	([5][0][22])
5149	([-6][-22][0])	-2407	([5][0][12])
5515	([-6][-22][0])	-5875	([5][0][24])
5671	([-6][-22][0])	-173	([5][0][3])
6218	([-6][-22][0])	78	([5][0][0])
6914	([3][-19][0])	-3372	([5][0][19])
7165	([3][-19][0])	-3482	([5][0][20])
7408	([3][-19][0])	-3857	([5][0][21])
7624	([3][-19][0])	-813	([5][0][7])
7660	([3][-19][0])	-407	([5][0][6])
7798	([3][-19][0])	29	([5][0][1])
7982	([3][-20][0])	-2005	([5][0][11])
7999	([3][-20][0])	-2924	([5][0][16])
8011	([-7][-21][0])	-8094	([5][1][13])
8152	([-7][-21][0])	-8329	([5][1][14])
8256	([-7][-22][0])	-8454	([5][1][15])
8331	([-7][-22][0])	-6286	([5][1][3])
8787	([3][-20][0])	-9712	([5][1][24])
8807	([2][-19][0])	-7539	([5][1][10])
8812	([2][-19][0])	-6472	([5][1][5])
8826	([2][-19][0])	-8720	([5][1][19])
9126	([2][-20][0])	-9622	([5][1][23])
9362	([2][-20][0])	-8509	([5][1][17])
9430	([2][-20][0])	-6853	([5][1][6])
9455	([1][-19][0])	-9613	([5][1][22])
9622	([1][-20][0])	-9527	([5][1][21])
9665	([1][-20][0])	-7043	([5][1][7])
9716	([0][0][1])	-9718	([5][1][25])
9666	([0][1][1])	-6417	([5][1][4])
9895	([0][0][0])	-6172	([5][1][1])
1301	([4][0][2])	-8661	([5][1][18])
1533	([4][0][1])	-8479	([5][1][16])
1142	([4][0][3])	-7929	([5][1][12])
3274	([4][0][0])	-7135	([5][1][8])
			-7400	([5][1][9])
			-6264	([5][1][2])
			-7778	([5][1][11])
			-9112	([5][1][20])
			970	([4][1][1])
			1077	([4][1][0])
			726	([4][1][3])
			811	([4][1][2])
-----------------	------------------
	a			b	
